0.000000 0.000000 1.000000 
0.000000 0.001001 0.998999 
0.000000 0.002002 0.997998 
0.000000 0.003003 0.996997 
0.000000 0.004004 0.995996 
0.000000 0.005005 0.994995 
0.000000 0.006006 0.993994 
0.000000 0.007007 0.992993 
0.000000 0.008008 0.991992 
0.000000 0.009009 0.990991 
0.000000 0.010010 0.989990 
0.000000 0.011011 0.988989 
0.000000 0.012012 0.987988 
0.000000 0.013013 0.986987 
0.000000 0.014014 0.985986 
0.000000 0.015015 0.984985 
0.000000 0.016016 0.983984 
0.000000 0.017017 0.982983 
0.000000 0.018018 0.981982 
0.000000 0.019019 0.980981 
0.000000 0.020020 0.979980 
0.000000 0.021021 0.978979 
0.000000 0.022022 0.977978 
0.000000 0.023023 0.976977 
0.000000 0.024024 0.975976 
0.000000 0.025025 0.974975 
0.000000 0.026026 0.973974 
0.000000 0.029029 0.970971 
0.000000 0.030030 0.969970 
0.000000 0.031031 0.968969 
0.000000 0.032032 0.967968 
0.000000 0.033033 0.966967 
0.000000 0.035035 0.964965 
0.000000 0.037037 0.962963 
0.000000 0.038038 0.961962 
0.000000 0.039039 0.960961 
0.000000 0.040040 0.959960 
0.000000 0.041041 0.958959 
0.000000 0.042042 0.957958 
0.000000 0.043043 0.956957 
0.000000 0.044044 0.955956 
0.000000 0.045045 0.954955 
0.000000 0.046046 0.953954 
0.000000 0.047047 0.952953 
0.000000 0.048048 0.951952 
0.000000 0.049049 0.950951 
0.000000 0.050050 0.949950 
0.000000 0.051051 0.948949 
0.000000 0.053053 0.946947 
0.000000 0.057057 0.942943 
0.000000 0.058058 0.941942 
0.000000 0.059059 0.940941 
0.000000 0.060060 0.939940 
0.000000 0.062062 0.937938 
0.000000 0.063063 0.936937 
0.000000 0.065065 0.934935 
0.000000 0.067067 0.932933 
0.000000 0.068068 0.931932 
0.000000 0.069069 0.930931 
0.000000 0.070070 0.929930 
0.000000 0.071071 0.928929 
0.000000 0.072072 0.927928 
0.000000 0.074074 0.925926 
0.000000 0.075075 0.924925 
0.000000 0.077077 0.922923 
0.000000 0.078078 0.921922 
0.000000 0.079079 0.920921 
0.000000 0.080080 0.919920 
0.000000 0.081081 0.918919 
0.000000 0.083083 0.916917 
0.000000 0.085085 0.914915 
0.000000 0.086086 0.913914 
0.000000 0.087087 0.912913 
0.000000 0.089089 0.910911 
0.000000 0.090090 0.909910 
0.000000 0.091091 0.908909 
0.000000 0.092092 0.907908 
0.000000 0.093093 0.906907 
0.000000 0.094094 0.905906 
0.000000 0.095095 0.904905 
0.000000 0.097097 0.902903 
0.000000 0.098098 0.901902 
0.000000 0.099099 0.900901 
0.000000 0.100100 0.899900 
0.000000 0.101101 0.898899 
0.000000 0.102102 0.897898 
0.000000 0.103103 0.896897 
0.000000 0.104104 0.895896 
0.000000 0.105105 0.894895 
0.000000 0.106106 0.893894 
0.000000 0.107107 0.892893 
0.000000 0.109109 0.890891 
0.000000 0.110110 0.889890 
0.000000 0.111111 0.888889 
0.000000 0.113113 0.886887 
0.000000 0.114114 0.885886 
0.000000 0.115115 0.884885 
0.000000 0.117117 0.882883 
0.000000 0.119119 0.880881 
0.000000 0.120120 0.879880 
0.000000 0.125125 0.874875 
0.000000 0.127127 0.872873 
0.000000 0.128128 0.871872 
0.000000 0.129129 0.870871 
0.000000 0.132132 0.867868 
0.000000 0.133133 0.866867 
0.000000 0.134134 0.865866 
0.000000 0.135135 0.864865 
0.000000 0.136136 0.863864 
0.000000 0.137137 0.862863 
0.000000 0.140140 0.859860 
0.000000 0.141141 0.858859 
0.000000 0.144144 0.855856 
0.000000 0.145145 0.854855 
0.000000 0.146146 0.853854 
0.000000 0.149149 0.850851 
0.000000 0.150150 0.849850 
0.000000 0.151151 0.848849 
0.000000 0.152152 0.847848 
0.000000 0.153153 0.846847 
0.000000 0.154154 0.845846 
0.000000 0.155155 0.844845 
0.000000 0.156156 0.843844 
0.000000 0.158158 0.841842 
0.000000 0.160160 0.839840 
0.000000 0.166166 0.833834 
0.000000 0.167167 0.832833 
0.000000 0.171171 0.828829 
0.000000 0.172172 0.827828 
0.000000 0.173173 0.826827 
0.000000 0.176176 0.823824 
0.000000 0.178178 0.821822 
0.000000 0.179179 0.820821 
0.000000 0.181181 0.818819 
0.000000 0.183183 0.816817 
0.000000 0.184184 0.815816 
0.000000 0.189189 0.810811 
0.000000 0.190190 0.809810 
0.000000 0.193193 0.806807 
0.000000 0.195195 0.804805 
0.000000 0.197197 0.802803 
0.000000 0.202202 0.797798 
0.000000 0.204204 0.795796 
0.000000 0.206206 0.793794 
0.000000 0.208208 0.791792 
0.000000 0.213213 0.786787 
0.000000 0.215215 0.784785 
0.000000 0.218218 0.781782 
0.000000 0.221221 0.778779 
0.000000 0.224224 0.775776 
0.000000 0.225225 0.774775 
0.000000 0.227227 0.772773 
0.000000 0.228228 0.771772 
0.000000 0.231231 0.768769 
0.000000 0.234234 0.765766 
0.000000 0.236236 0.763764 
0.000000 0.237237 0.762763 
0.000000 0.238238 0.761762 
0.000000 0.242242 0.757758 
0.000000 0.244244 0.755756 
0.000000 0.246246 0.753754 
0.000000 0.248248 0.751752 
0.000000 0.251251 0.748749 
0.000000 0.253253 0.746747 
0.000000 0.254254 0.745746 
0.000000 0.258258 0.741742 
0.000000 0.259259 0.740741 
0.000000 0.260260 0.739740 
0.000000 0.264264 0.735736 
0.000000 0.266266 0.733734 
0.000000 0.268268 0.731732 
0.000000 0.273273 0.726727 
0.000000 0.277277 0.722723 
0.000000 0.286286 0.713714 
0.000000 0.288288 0.711712 
0.000000 0.289289 0.710711 
0.000000 0.290290 0.709710 
0.000000 0.292292 0.707708 
0.000000 0.299299 0.700701 
0.000000 0.303303 0.696697 
0.000000 0.304304 0.695696 
0.000000 0.305305 0.694695 
0.000000 0.307307 0.692693 
0.000000 0.312312 0.687688 
0.000000 0.316316 0.683684 
0.000000 0.319319 0.680681 
0.000000 0.321321 0.678679 
0.000000 0.323323 0.676677 
0.000000 0.324324 0.675676 
0.000000 0.326326 0.673674 
0.000000 0.329329 0.670671 
0.000000 0.334334 0.665666 
0.000000 0.336336 0.663664 
0.000000 0.337337 0.662663 
0.000000 0.340340 0.659660 
0.000000 0.344344 0.655656 
0.000000 0.345345 0.654655 
0.000000 0.346346 0.653654 
0.000000 0.349349 0.650651 
0.000000 0.352352 0.647648 
0.000000 0.353353 0.646647 
0.000000 0.356356 0.643644 
0.000000 0.359359 0.640641 
0.000000 0.363363 0.636637 
0.000000 0.365365 0.634635 
0.000000 0.366366 0.633634 
0.000000 0.368368 0.631632 
0.000000 0.372372 0.627628 
0.000000 0.373373 0.626627 
0.000000 0.374374 0.625626 
0.000000 0.379379 0.620621 
0.000000 0.381381 0.618619 
0.000000 0.383383 0.616617 
0.000000 0.390390 0.609610 
0.000000 0.392392 0.607608 
0.000000 0.393393 0.606607 
0.000000 0.398398 0.601602 
0.000000 0.400400 0.599600 
0.000000 0.412412 0.587588 
0.000000 0.424424 0.575576 
0.000000 0.426426 0.573574 
0.000000 0.430430 0.569570 
0.000000 0.432432 0.567568 
0.000000 0.437437 0.562563 
0.000000 0.439439 0.560561 
0.000000 0.449449 0.550551 
0.000000 0.450450 0.549550 
0.000000 0.455455 0.544545 
0.000000 0.458458 0.541542 
0.000000 0.460460 0.539540 
0.000000 0.463463 0.536537 
0.000000 0.464464 0.535536 
0.000000 0.471471 0.528529 
0.000000 0.473473 0.526527 
0.000000 0.475475 0.524525 
0.000000 0.481481 0.518519 
0.000000 0.484484 0.515516 
0.000000 0.486486 0.513514 
0.000000 0.493493 0.506507 
0.000000 0.496496 0.503504 
0.000000 0.506507 0.493493 
0.000000 0.508509 0.491491 
0.000000 0.512513 0.487487 
0.000000 0.514515 0.485485 
0.000000 0.515516 0.484484 
0.000000 0.517518 0.482482 
0.000000 0.520521 0.479479 
0.000000 0.530531 0.469469 
0.000000 0.540541 0.459459 
0.000000 0.541542 0.458458 
0.000000 0.544545 0.455455 
0.000000 0.553554 0.446446 
0.000000 0.562563 0.437437 
0.000000 0.569570 0.430430 
0.000000 0.575576 0.424424 
0.000000 0.578579 0.421421 
0.000000 0.581582 0.418418 
0.000000 0.587588 0.412412 
0.000000 0.592593 0.407407 
0.000000 0.593594 0.406406 
0.000000 0.600601 0.399399 
0.000000 0.601602 0.398398 
0.000000 0.613614 0.386386 
0.000000 0.615616 0.384384 
0.000000 0.617618 0.382382 
0.000000 0.619620 0.380380 
0.000000 0.621622 0.378378 
0.000000 0.622623 0.377377 
0.000000 0.623624 0.376376 
0.000000 0.625626 0.374374 
0.000000 0.630631 0.369369 
0.000000 0.634635 0.365365 
0.000000 0.635636 0.364364 
0.000000 0.639640 0.360360 
0.000000 0.642643 0.357357 
0.000000 0.644645 0.355355 
0.000000 0.647648 0.352352 
0.000000 0.655656 0.344344 
0.000000 0.662663 0.337337 
0.000000 0.667668 0.332332 
0.000000 0.668669 0.331331 
0.000000 0.671672 0.328328 
0.000000 0.672673 0.327327 
0.000000 0.673674 0.326326 
0.000000 0.675676 0.324324 
0.000000 0.676677 0.323323 
0.000000 0.678679 0.321321 
0.000000 0.679680 0.320320 
0.000000 0.681682 0.318318 
0.000000 0.682683 0.317317 
0.000000 0.683684 0.316316 
0.000000 0.685686 0.314314 
0.000000 0.686687 0.313313 
0.000000 0.689690 0.310310 
0.000000 0.695696 0.304304 
0.000000 0.701702 0.298298 
0.000000 0.703704 0.296296 
0.000000 0.707708 0.292292 
0.000000 0.708709 0.291291 
0.000000 0.709710 0.290290 
0.000000 0.710711 0.289289 
0.000000 0.711712 0.288288 
0.000000 0.712713 0.287287 
0.000000 0.715716 0.284284 
0.000000 0.716717 0.283283 
0.000000 0.717718 0.282282 
0.000000 0.719720 0.280280 
0.000000 0.723724 0.276276 
0.000000 0.725726 0.274274 
0.000000 0.726727 0.273273 
0.000000 0.728729 0.271271 
0.000000 0.729730 0.270270 
0.000000 0.730731 0.269269 
0.000000 0.738739 0.261261 
0.000000 0.739740 0.260260 
0.000000 0.741742 0.258258 
0.000000 0.742743 0.257257 
0.000000 0.745746 0.254254 
0.000000 0.746747 0.253253 
0.000000 0.748749 0.251251 
0.000000 0.750751 0.249249 
0.000000 0.751752 0.248248 
0.000000 0.752753 0.247247 
0.000000 0.753754 0.246246 
0.000000 0.754755 0.245245 
0.000000 0.755756 0.244244 
0.000000 0.757758 0.242242 
0.000000 0.758759 0.241241 
0.000000 0.762763 0.237237 
0.000000 0.763764 0.236236 
0.000000 0.765766 0.234234 
0.000000 0.767768 0.232232 
0.000000 0.772773 0.227227 
0.000000 0.773774 0.226226 
0.000000 0.774775 0.225225 
0.000000 0.775776 0.224224 
0.000000 0.776777 0.223223 
0.000000 0.777778 0.222222 
0.000000 0.778779 0.221221 
0.000000 0.783784 0.216216 
0.000000 0.784785 0.215215 
0.000000 0.786787 0.213213 
0.000000 0.788789 0.211211 
0.000000 0.789790 0.210210 
0.000000 0.790791 0.209209 
0.000000 0.792793 0.207207 
0.000000 0.793794 0.206206 
0.000000 0.795796 0.204204 
0.000000 0.796797 0.203203 
0.000000 0.798799 0.201201 
0.000000 0.799800 0.200200 
0.000000 0.802803 0.197197 
0.000000 0.804805 0.195195 
0.000000 0.810811 0.189189 
0.000000 0.812813 0.187187 
0.000000 0.814815 0.185185 
0.000000 0.816817 0.183183 
0.000000 0.817818 0.182182 
0.000000 0.819820 0.180180 
0.000000 0.822823 0.177177 
0.000000 0.823824 0.176176 
0.000000 0.824825 0.175175 
0.000000 0.825826 0.174174 
0.000000 0.827828 0.172172 
0.000000 0.829830 0.170170 
0.000000 0.830831 0.169169 
0.000000 0.831832 0.168168 
0.000000 0.832833 0.167167 
0.000000 0.833834 0.166166 
0.000000 0.834835 0.165165 
0.000000 0.835836 0.164164 
0.000000 0.837838 0.162162 
0.000000 0.840841 0.159159 
0.000000 0.841842 0.158158 
0.000000 0.845846 0.154154 
0.000000 0.846847 0.153153 
0.000000 0.849850 0.150150 
0.000000 0.851852 0.148148 
0.000000 0.852853 0.147147 
0.000000 0.853854 0.146146 
0.000000 0.854855 0.145145 
0.000000 0.856857 0.143143 
0.000000 0.857858 0.142142 
0.000000 0.858859 0.141141 
0.000000 0.860861 0.139139 
0.000000 0.864865 0.135135 
0.000000 0.865866 0.134134 
0.000000 0.867868 0.132132 
0.000000 0.868869 0.131131 
0.000000 0.869870 0.130130 
0.000000 0.871872 0.128128 
0.000000 0.872873 0.127127 
0.000000 0.873874 0.126126 
0.000000 0.876877 0.123123 
0.000000 0.877878 0.122122 
0.000000 0.878879 0.121121 
0.000000 0.879880 0.120120 
0.000000 0.881882 0.118118 
0.000000 0.883884 0.116116 
0.000000 0.884885 0.115115 
0.000000 0.885886 0.114114 
0.000000 0.886887 0.113113 
0.000000 0.887888 0.112112 
0.000000 0.888889 0.111111 
0.000000 0.889890 0.110110 
0.000000 0.890891 0.109109 
0.000000 0.892893 0.107107 
0.000000 0.896897 0.103103 
0.000000 0.897898 0.102102 
0.000000 0.898899 0.101101 
0.000000 0.899900 0.100100 
0.000000 0.901902 0.098098 
0.000000 0.902903 0.097097 
0.000000 0.903904 0.096096 
0.000000 0.904905 0.095095 
0.000000 0.905906 0.094094 
0.000000 0.906907 0.093093 
0.000000 0.907908 0.092092 
0.000000 0.908909 0.091091 
0.000000 0.909910 0.090090 
0.000000 0.910911 0.089089 
0.000000 0.911912 0.088088 
0.000000 0.912913 0.087087 
0.000000 0.913914 0.086086 
0.000000 0.914915 0.085085 
0.000000 0.915916 0.084084 
0.000000 0.916917 0.083083 
0.000000 0.917918 0.082082 
0.000000 0.918919 0.081081 
0.000000 0.919920 0.080080 
0.000000 0.920921 0.079079 
0.000000 0.921922 0.078078 
0.000000 0.922923 0.077077 
0.000000 0.924925 0.075075 
0.000000 0.925926 0.074074 
0.000000 0.927928 0.072072 
0.000000 0.928929 0.071071 
0.000000 0.929930 0.070070 
0.000000 0.930931 0.069069 
0.000000 0.931932 0.068068 
0.000000 0.932933 0.067067 
0.000000 0.933934 0.066066 
0.000000 0.935936 0.064064 
0.000000 0.936937 0.063063 
0.000000 0.937938 0.062062 
0.000000 0.941942 0.058058 
0.000000 0.942943 0.057057 
0.000000 0.943944 0.056056 
0.000000 0.944945 0.055055 
0.000000 0.945946 0.054054 
0.000000 0.946947 0.053053 
0.000000 0.947948 0.052052 
0.000000 0.948949 0.051051 
0.000000 0.949950 0.050050 
0.000000 0.950951 0.049049 
0.000000 0.952953 0.047047 
0.000000 0.953954 0.046046 
0.000000 0.954955 0.045045 
0.000000 0.955956 0.044044 
0.000000 0.956957 0.043043 
0.000000 0.957958 0.042042 
0.000000 0.958959 0.041041 
0.000000 0.959960 0.040040 
0.000000 0.961962 0.038038 
0.000000 0.962963 0.037037 
0.000000 0.963964 0.036036 
0.000000 0.964965 0.035035 
0.000000 0.965966 0.034034 
0.000000 0.966967 0.033033 
0.000000 0.967968 0.032032 
0.000000 0.968969 0.031031 
0.000000 0.969970 0.030030 
0.000000 0.970971 0.029029 
0.000000 0.971972 0.028028 
0.000000 0.972973 0.027027 
0.000000 0.973974 0.026026 
0.000000 0.974975 0.025025 
0.000000 0.975976 0.024024 
0.000000 0.976977 0.023023 
0.000000 0.977978 0.022022 
0.000000 0.978979 0.021021 
0.000000 0.979980 0.020020 
0.000000 0.980981 0.019019 
0.000000 0.981982 0.018018 
0.000000 0.982983 0.017017 
0.000000 0.983984 0.016016 
0.000000 0.984985 0.015015 
0.000000 0.985986 0.014014 
0.000000 0.986987 0.013013 
0.000000 0.987988 0.012012 
0.000000 0.988989 0.011011 
0.000000 0.989990 0.010010 
0.000000 0.990991 0.009009 
0.000000 0.991992 0.008008 
0.000000 0.992993 0.007007 
0.000000 0.993994 0.006006 
0.000000 0.994995 0.005005 
0.000000 0.995996 0.004004 
0.000000 0.996997 0.003003 
0.000000 0.997998 0.002002 
0.000000 0.998999 0.001001 
0.001001 0.000000 0.998999 
0.001001 0.001001 0.997998 
0.001001 0.002002 0.996997 
0.001001 0.003003 0.995996 
0.001001 0.004004 0.994995 
0.001001 0.005005 0.993994 
0.001001 0.006006 0.992993 
0.001001 0.007007 0.991992 
0.001001 0.008008 0.990991 
0.001001 0.009009 0.989990 
0.001001 0.010010 0.988989 
0.001001 0.011011 0.987988 
0.001001 0.012012 0.986987 
0.001001 0.013013 0.985986 
0.001001 0.014014 0.984985 
0.001001 0.015015 0.983984 
0.001001 0.017017 0.981982 
0.001001 0.018018 0.980981 
0.001001 0.019019 0.979980 
0.001001 0.020020 0.978979 
0.001001 0.021021 0.977978 
0.001001 0.022022 0.976977 
0.001001 0.023023 0.975976 
0.001001 0.024024 0.974975 
0.001001 0.025025 0.973974 
0.001001 0.026026 0.972973 
0.001001 0.027027 0.971972 
0.001001 0.028028 0.970971 
0.001001 0.029029 0.969970 
0.001001 0.030030 0.968969 
0.001001 0.032032 0.966967 
0.001001 0.034034 0.964965 
0.001001 0.035035 0.963964 
0.001001 0.036036 0.962963 
0.001001 0.037037 0.961962 
0.001001 0.039039 0.959960 
0.001001 0.040040 0.958959 
0.001001 0.041041 0.957958 
0.001001 0.042042 0.956957 
0.001001 0.043043 0.955956 
0.001001 0.044044 0.954955 
0.001001 0.045045 0.953954 
0.001001 0.046046 0.952953 
0.001001 0.047047 0.951952 
0.001001 0.048048 0.950951 
0.001001 0.049049 0.949950 
0.001001 0.050050 0.948949 
0.001001 0.051051 0.947948 
0.001001 0.052052 0.946947 
0.001001 0.053053 0.945946 
0.001001 0.054054 0.944945 
0.001001 0.055055 0.943944 
0.001001 0.056056 0.942943 
0.001001 0.057057 0.941942 
0.001001 0.059059 0.939940 
0.001001 0.061061 0.937938 
0.001001 0.062062 0.936937 
0.001001 0.063063 0.935936 
0.001001 0.064064 0.934935 
0.001001 0.065065 0.933934 
0.001001 0.066066 0.932933 
0.001001 0.067067 0.931932 
0.001001 0.069069 0.929930 
0.001001 0.072072 0.926927 
0.001001 0.073073 0.925926 
0.001001 0.074074 0.924925 
0.001001 0.075075 0.923924 
0.001001 0.076076 0.922923 
0.001001 0.080080 0.918919 
0.001001 0.082082 0.916917 
0.001001 0.085085 0.913914 
0.001001 0.086086 0.912913 
0.001001 0.087087 0.911912 
0.001001 0.088088 0.910911 
0.001001 0.089089 0.909910 
0.001001 0.090090 0.908909 
0.001001 0.091091 0.907908 
0.001001 0.093093 0.905906 
0.001001 0.095095 0.903904 
0.001001 0.096096 0.902903 
0.001001 0.099099 0.899900 
0.001001 0.100100 0.898899 
0.001001 0.101101 0.897898 
0.001001 0.102102 0.896897 
0.001001 0.104104 0.894895 
0.001001 0.106106 0.892893 
0.001001 0.107107 0.891892 
0.001001 0.108108 0.890891 
0.001001 0.109109 0.889890 
0.001001 0.110110 0.888889 
0.001001 0.111111 0.887888 
0.001001 0.113113 0.885886 
0.001001 0.114114 0.884885 
0.001001 0.115115 0.883884 
0.001001 0.116116 0.882883 
0.001001 0.117117 0.881882 
0.001001 0.118118 0.880881 
0.001001 0.119119 0.879880 
0.001001 0.120120 0.878879 
0.001001 0.121121 0.877878 
0.001001 0.122122 0.876877 
0.001001 0.123123 0.875876 
0.001001 0.126126 0.872873 
0.001001 0.127127 0.871872 
0.001001 0.129129 0.869870 
0.001001 0.131131 0.867868 
0.001001 0.133133 0.865866 
0.001001 0.139139 0.859860 
0.001001 0.140140 0.858859 
0.001001 0.141141 0.857858 
0.001001 0.142142 0.856857 
0.001001 0.145145 0.853854 
0.001001 0.146146 0.852853 
0.001001 0.147147 0.851852 
0.001001 0.148148 0.850851 
0.001001 0.149149 0.849850 
0.001001 0.151151 0.847848 
0.001001 0.153153 0.845846 
0.001001 0.154154 0.844845 
0.001001 0.156156 0.842843 
0.001001 0.158158 0.840841 
0.001001 0.159159 0.839840 
0.001001 0.161161 0.837838 
0.001001 0.162162 0.836837 
0.001001 0.163163 0.835836 
0.001001 0.164164 0.834835 
0.001001 0.166166 0.832833 
0.001001 0.168168 0.830831 
0.001001 0.169169 0.829830 
0.001001 0.172172 0.826827 
0.001001 0.174174 0.824825 
0.001001 0.176176 0.822823 
0.001001 0.177177 0.821822 
0.001001 0.179179 0.819820 
0.001001 0.181181 0.817818 
0.001001 0.182182 0.816817 
0.001001 0.185185 0.813814 
0.001001 0.188188 0.810811 
0.001001 0.190190 0.808809 
0.001001 0.191191 0.807808 
0.001001 0.192192 0.806807 
0.001001 0.195195 0.803804 
0.001001 0.198198 0.800801 
0.001001 0.199199 0.799800 
0.001001 0.200200 0.798799 
0.001001 0.202202 0.796797 
0.001001 0.203203 0.795796 
0.001001 0.204204 0.794795 
0.001001 0.205205 0.793794 
0.001001 0.207207 0.791792 
0.001001 0.208208 0.790791 
0.001001 0.209209 0.789790 
0.001001 0.210210 0.788789 
0.001001 0.211211 0.787788 
0.001001 0.218218 0.780781 
0.001001 0.220220 0.778779 
0.001001 0.222222 0.776777 
0.001001 0.224224 0.774775 
0.001001 0.228228 0.770771 
0.001001 0.233233 0.765766 
0.001001 0.244244 0.754755 
0.001001 0.245245 0.753754 
0.001001 0.250250 0.748749 
0.001001 0.251251 0.747748 
0.001001 0.255255 0.743744 
0.001001 0.260260 0.738739 
0.001001 0.262262 0.736737 
0.001001 0.263263 0.735736 
0.001001 0.266266 0.732733 
0.001001 0.269269 0.729730 
0.001001 0.270270 0.728729 
0.001001 0.273273 0.725726 
0.001001 0.275275 0.723724 
0.001001 0.280280 0.718719 
0.001001 0.281281 0.717718 
0.001001 0.285285 0.713714 
0.001001 0.287287 0.711712 
0.001001 0.290290 0.708709 
0.001001 0.297297 0.701702 
0.001001 0.300300 0.698699 
0.001001 0.301301 0.697698 
0.001001 0.306306 0.692693 
0.001001 0.310310 0.688689 
0.001001 0.312312 0.686687 
0.001001 0.314314 0.684685 
0.001001 0.317317 0.681682 
0.001001 0.318318 0.680681 
0.001001 0.324324 0.674675 
0.001001 0.325325 0.673674 
0.001001 0.326326 0.672673 
0.001001 0.327327 0.671672 
0.001001 0.329329 0.669670 
0.001001 0.331331 0.667668 
0.001001 0.332332 0.666667 
0.001001 0.340340 0.658659 
0.001001 0.341341 0.657658 
0.001001 0.342342 0.656657 
0.001001 0.345345 0.653654 
0.001001 0.354354 0.644645 
0.001001 0.356356 0.642643 
0.001001 0.360360 0.638639 
0.001001 0.361361 0.637638 
0.001001 0.362362 0.636637 
0.001001 0.364364 0.634635 
0.001001 0.367367 0.631632 
0.001001 0.372372 0.626627 
0.001001 0.376376 0.622623 
0.001001 0.377377 0.621622 
0.001001 0.381381 0.617618 
0.001001 0.382382 0.616617 
0.001001 0.383383 0.615616 
0.001001 0.385385 0.613614 
0.001001 0.386386 0.612613 
0.001001 0.387387 0.611612 
0.001001 0.398398 0.600601 
0.001001 0.401401 0.597598 
0.001001 0.402402 0.596597 
0.001001 0.408408 0.590591 
0.001001 0.410410 0.588589 
0.001001 0.412412 0.586587 
0.001001 0.415415 0.583584 
0.001001 0.417417 0.581582 
0.001001 0.418418 0.580581 
0.001001 0.419419 0.579580 
0.001001 0.423423 0.575576 
0.001001 0.425425 0.573574 
0.001001 0.436436 0.562563 
0.001001 0.447447 0.551552 
0.001001 0.451451 0.547548 
0.001001 0.453453 0.545546 
0.001001 0.454454 0.544545 
0.001001 0.456456 0.542543 
0.001001 0.463463 0.535536 
0.001001 0.469469 0.529530 
0.001001 0.472472 0.526527 
0.001001 0.475475 0.523524 
0.001001 0.476476 0.522523 
0.001001 0.483483 0.515516 
0.001001 0.486486 0.512513 
0.001001 0.488488 0.510511 
0.001001 0.490490 0.508509 
0.001001 0.491491 0.507508 
0.001001 0.494494 0.504505 
0.001001 0.497497 0.501502 
0.001001 0.498498 0.500501 
0.001001 0.500501 0.498498 
0.001001 0.502503 0.496496 
0.001001 0.504505 0.494494 
0.001001 0.505506 0.493493 
0.001001 0.509510 0.489489 
0.001001 0.510511 0.488488 
0.001001 0.529530 0.469469 
0.001001 0.535536 0.463463 
0.001001 0.537538 0.461461 
0.001001 0.538539 0.460460 
0.001001 0.540541 0.458458 
0.001001 0.547548 0.451451 
0.001001 0.549550 0.449449 
0.001001 0.550551 0.448448 
0.001001 0.555556 0.443443 
0.001001 0.558559 0.440440 
0.001001 0.562563 0.436436 
0.001001 0.566567 0.432432 
0.001001 0.567568 0.431431 
0.001001 0.570571 0.428428 
0.001001 0.577578 0.421421 
0.001001 0.578579 0.420420 
0.001001 0.580581 0.418418 
0.001001 0.587588 0.411411 
0.001001 0.589590 0.409409 
0.001001 0.590591 0.408408 
0.001001 0.592593 0.406406 
0.001001 0.594595 0.404404 
0.001001 0.596597 0.402402 
0.001001 0.598599 0.400400 
0.001001 0.599600 0.399399 
0.001001 0.604605 0.394394 
0.001001 0.608609 0.390390 
0.001001 0.609610 0.389389 
0.001001 0.611612 0.387387 
0.001001 0.614615 0.384384 
0.001001 0.616617 0.382382 
0.001001 0.619620 0.379379 
0.001001 0.625626 0.373373 
0.001001 0.629630 0.369369 
0.001001 0.632633 0.366366 
0.001001 0.635636 0.363363 
0.001001 0.636637 0.362362 
0.001001 0.642643 0.356356 
0.001001 0.647648 0.351351 
0.001001 0.648649 0.350350 
0.001001 0.656657 0.342342 
0.001001 0.657658 0.341341 
0.001001 0.662663 0.336336 
0.001001 0.663664 0.335335 
0.001001 0.666667 0.332332 
0.001001 0.670671 0.328328 
0.001001 0.675676 0.323323 
0.001001 0.676677 0.322322 
0.001001 0.677678 0.321321 
0.001001 0.678679 0.320320 
0.001001 0.682683 0.316316 
0.001001 0.683684 0.315315 
0.001001 0.685686 0.313313 
0.001001 0.686687 0.312312 
0.001001 0.687688 0.311311 
0.001001 0.692693 0.306306 
0.001001 0.694695 0.304304 
0.001001 0.699700 0.299299 
0.001001 0.700701 0.298298 
0.001001 0.701702 0.297297 
0.001001 0.708709 0.290290 
0.001001 0.709710 0.289289 
0.001001 0.712713 0.286286 
0.001001 0.713714 0.285285 
0.001001 0.714715 0.284284 
0.001001 0.715716 0.283283 
0.001001 0.722723 0.276276 
0.001001 0.723724 0.275275 
0.001001 0.725726 0.273273 
0.001001 0.726727 0.272272 
0.001001 0.727728 0.271271 
0.001001 0.729730 0.269269 
0.001001 0.730731 0.268268 
0.001001 0.732733 0.266266 
0.001001 0.735736 0.263263 
0.001001 0.736737 0.262262 
0.001001 0.737738 0.261261 
0.001001 0.738739 0.260260 
0.001001 0.740741 0.258258 
0.001001 0.741742 0.257257 
0.001001 0.742743 0.256256 
0.001001 0.743744 0.255255 
0.001001 0.744745 0.254254 
0.001001 0.746747 0.252252 
0.001001 0.748749 0.250250 
0.001001 0.750751 0.248248 
0.001001 0.752753 0.246246 
0.001001 0.753754 0.245245 
0.001001 0.759760 0.239239 
0.001001 0.760761 0.238238 
0.001001 0.761762 0.237237 
0.001001 0.766767 0.232232 
0.001001 0.767768 0.231231 
0.001001 0.769770 0.229229 
0.001001 0.770771 0.228228 
0.001001 0.771772 0.227227 
0.001001 0.773774 0.225225 
0.001001 0.774775 0.224224 
0.001001 0.777778 0.221221 
0.001001 0.778779 0.220220 
0.001001 0.783784 0.215215 
0.001001 0.786787 0.212212 
0.001001 0.787788 0.211211 
0.001001 0.789790 0.209209 
0.001001 0.792793 0.206206 
0.001001 0.795796 0.203203 
0.001001 0.797798 0.201201 
0.001001 0.800801 0.198198 
0.001001 0.802803 0.196196 
0.001001 0.805806 0.193193 
0.001001 0.807808 0.191191 
0.001001 0.809810 0.189189 
0.001001 0.810811 0.188188 
0.001001 0.813814 0.185185 
0.001001 0.814815 0.184184 
0.001001 0.816817 0.182182 
0.001001 0.817818 0.181181 
0.001001 0.818819 0.180180 
0.001001 0.820821 0.178178 
0.001001 0.821822 0.177177 
0.001001 0.822823 0.176176 
0.001001 0.824825 0.174174 
0.001001 0.825826 0.173173 
0.001001 0.827828 0.171171 
0.001001 0.828829 0.170170 
0.001001 0.829830 0.169169 
0.001001 0.830831 0.168168 
0.001001 0.831832 0.167167 
0.001001 0.832833 0.166166 
0.001001 0.833834 0.165165 
0.001001 0.834835 0.164164 
0.001001 0.835836 0.163163 
0.001001 0.836837 0.162162 
0.001001 0.837838 0.161161 
0.001001 0.841842 0.157157 
0.001001 0.842843 0.156156 
0.001001 0.844845 0.154154 
0.001001 0.847848 0.151151 
0.001001 0.848849 0.150150 
0.001001 0.849850 0.149149 
0.001001 0.850851 0.148148 
0.001001 0.852853 0.146146 
0.001001 0.854855 0.144144 
0.001001 0.855856 0.143143 
0.001001 0.857858 0.141141 
0.001001 0.858859 0.140140 
0.001001 0.859860 0.139139 
0.001001 0.860861 0.138138 
0.001001 0.864865 0.134134 
0.001001 0.865866 0.133133 
0.001001 0.867868 0.131131 
0.001001 0.868869 0.130130 
0.001001 0.869870 0.129129 
0.001001 0.870871 0.128128 
0.001001 0.871872 0.127127 
0.001001 0.872873 0.126126 
0.001001 0.873874 0.125125 
0.001001 0.874875 0.124124 
0.001001 0.875876 0.123123 
0.001001 0.876877 0.122122 
0.001001 0.877878 0.121121 
0.001001 0.878879 0.120120 
0.001001 0.880881 0.118118 
0.001001 0.881882 0.117117 
0.001001 0.882883 0.116116 
0.001001 0.883884 0.115115 
0.001001 0.884885 0.114114 
0.001001 0.885886 0.113113 
0.001001 0.886887 0.112112 
0.001001 0.887888 0.111111 
0.001001 0.888889 0.110110 
0.001001 0.890891 0.108108 
0.001001 0.891892 0.107107 
0.001001 0.892893 0.106106 
0.001001 0.893894 0.105105 
0.001001 0.894895 0.104104 
0.001001 0.895896 0.103103 
0.001001 0.896897 0.102102 
0.001001 0.898899 0.100100 
0.001001 0.901902 0.097097 
0.001001 0.902903 0.096096 
0.001001 0.903904 0.095095 
0.001001 0.904905 0.094094 
0.001001 0.905906 0.093093 
0.001001 0.906907 0.092092 
0.001001 0.908909 0.090090 
0.001001 0.910911 0.088088 
0.001001 0.911912 0.087087 
0.001001 0.912913 0.086086 
0.001001 0.913914 0.085085 
0.001001 0.914915 0.084084 
0.001001 0.915916 0.083083 
0.001001 0.916917 0.082082 
0.001001 0.917918 0.081081 
0.001001 0.918919 0.080080 
0.001001 0.920921 0.078078 
0.001001 0.921922 0.077077 
0.001001 0.922923 0.076076 
0.001001 0.923924 0.075075 
0.001001 0.925926 0.073073 
0.001001 0.927928 0.071071 
0.001001 0.928929 0.070070 
0.001001 0.929930 0.069069 
0.001001 0.931932 0.067067 
0.001001 0.933934 0.065065 
0.001001 0.934935 0.064064 
0.001001 0.935936 0.063063 
0.001001 0.936937 0.062062 
0.001001 0.937938 0.061061 
0.001001 0.940941 0.058058 
0.001001 0.941942 0.057057 
0.001001 0.943944 0.055055 
0.001001 0.944945 0.054054 
0.001001 0.945946 0.053053 
0.001001 0.946947 0.052052 
0.001001 0.947948 0.051051 
0.001001 0.950951 0.048048 
0.001001 0.951952 0.047047 
0.001001 0.952953 0.046046 
0.001001 0.953954 0.045045 
0.001001 0.954955 0.044044 
0.001001 0.955956 0.043043 
0.001001 0.956957 0.042042 
0.001001 0.957958 0.041041 
0.001001 0.958959 0.040040 
0.001001 0.959960 0.039039 
0.001001 0.961962 0.037037 
0.001001 0.962963 0.036036 
0.001001 0.963964 0.035035 
0.001001 0.964965 0.034034 
0.001001 0.965966 0.033033 
0.001001 0.966967 0.032032 
0.001001 0.967968 0.031031 
0.001001 0.968969 0.030030 
0.001001 0.969970 0.029029 
0.001001 0.970971 0.028028 
0.001001 0.971972 0.027027 
0.001001 0.972973 0.026026 
0.001001 0.974975 0.024024 
0.001001 0.975976 0.023023 
0.001001 0.976977 0.022022 
0.001001 0.977978 0.021021 
0.001001 0.978979 0.020020 
0.001001 0.979980 0.019019 
0.001001 0.980981 0.018018 
0.001001 0.981982 0.017017 
0.001001 0.982983 0.016016 
0.001001 0.983984 0.015015 
0.001001 0.984985 0.014014 
0.001001 0.985986 0.013013 
0.001001 0.986987 0.012012 
0.001001 0.987988 0.011011 
0.001001 0.988989 0.010010 
0.001001 0.989990 0.009009 
0.001001 0.990991 0.008008 
0.001001 0.991992 0.007007 
0.001001 0.993994 0.005005 
0.001001 0.994995 0.004004 
0.001001 0.995996 0.003003 
0.001001 0.996997 0.002002 
0.001001 0.997998 0.001001 
0.002002 0.000000 0.997998 
0.002002 0.001001 0.996997 
0.002002 0.002002 0.995996 
0.002002 0.003003 0.994995 
0.002002 0.004004 0.993994 
0.002002 0.005005 0.992993 
0.002002 0.006006 0.991992 
0.002002 0.008008 0.989990 
0.002002 0.009009 0.988989 
0.002002 0.010010 0.987988 
0.002002 0.011011 0.986987 
0.002002 0.012012 0.985986 
0.002002 0.013013 0.984985 
0.002002 0.014014 0.983984 
0.002002 0.015015 0.982983 
0.002002 0.016016 0.981982 
0.002002 0.017017 0.980981 
0.002002 0.019019 0.978979 
0.002002 0.020020 0.977978 
0.002002 0.021021 0.976977 
0.002002 0.022022 0.975976 
0.002002 0.023023 0.974975 
0.002002 0.024024 0.973974 
0.002002 0.026026 0.971972 
0.002002 0.027027 0.970971 
0.002002 0.028028 0.969970 
0.002002 0.029029 0.968969 
0.002002 0.030030 0.967968 
0.002002 0.032032 0.965966 
0.002002 0.033033 0.964965 
0.002002 0.034034 0.963964 
0.002002 0.035035 0.962963 
0.002002 0.036036 0.961962 
0.002002 0.037037 0.960961 
0.002002 0.038038 0.959960 
0.002002 0.039039 0.958959 
0.002002 0.040040 0.957958 
0.002002 0.041041 0.956957 
0.002002 0.042042 0.955956 
0.002002 0.043043 0.954955 
0.002002 0.044044 0.953954 
0.002002 0.045045 0.952953 
0.002002 0.048048 0.949950 
0.002002 0.049049 0.948949 
0.002002 0.050050 0.947948 
0.002002 0.051051 0.946947 
0.002002 0.052052 0.945946 
0.002002 0.053053 0.944945 
0.002002 0.054054 0.943944 
0.002002 0.055055 0.942943 
0.002002 0.057057 0.940941 
0.002002 0.059059 0.938939 
0.002002 0.060060 0.937938 
0.002002 0.061061 0.936937 
0.002002 0.062062 0.935936 
0.002002 0.063063 0.934935 
0.002002 0.064064 0.933934 
0.002002 0.065065 0.932933 
0.002002 0.067067 0.930931 
0.002002 0.068068 0.929930 
0.002002 0.069069 0.928929 
0.002002 0.070070 0.927928 
0.002002 0.071071 0.926927 
0.002002 0.074074 0.923924 
0.002002 0.075075 0.922923 
0.002002 0.077077 0.920921 
0.002002 0.078078 0.919920 
0.002002 0.080080 0.917918 
0.002002 0.082082 0.915916 
0.002002 0.083083 0.914915 
0.002002 0.085085 0.912913 
0.002002 0.086086 0.911912 
0.002002 0.087087 0.910911 
0.002002 0.089089 0.908909 
0.002002 0.091091 0.906907 
0.002002 0.093093 0.904905 
0.002002 0.095095 0.902903 
0.002002 0.096096 0.901902 
0.002002 0.097097 0.900901 
0.002002 0.098098 0.899900 
0.002002 0.099099 0.898899 
0.002002 0.100100 0.897898 
0.002002 0.101101 0.896897 
0.002002 0.102102 0.895896 
0.002002 0.103103 0.894895 
0.002002 0.104104 0.893894 
0.002002 0.105105 0.892893 
0.002002 0.106106 0.891892 
0.002002 0.108108 0.889890 
0.002002 0.109109 0.888889 
0.002002 0.110110 0.887888 
0.002002 0.112112 0.885886 
0.002002 0.114114 0.883884 
0.002002 0.116116 0.881882 
0.002002 0.117117 0.880881 
0.002002 0.118118 0.879880 
0.002002 0.119119 0.878879 
0.002002 0.120120 0.877878 
0.002002 0.123123 0.874875 
0.002002 0.124124 0.873874 
0.002002 0.125125 0.872873 
0.002002 0.128128 0.869870 
0.002002 0.129129 0.868869 
0.002002 0.131131 0.866867 
0.002002 0.132132 0.865866 
0.002002 0.133133 0.864865 
0.002002 0.134134 0.863864 
0.002002 0.135135 0.862863 
0.002002 0.137137 0.860861 
0.002002 0.138138 0.859860 
0.002002 0.139139 0.858859 
0.002002 0.140140 0.857858 
0.002002 0.142142 0.855856 
0.002002 0.144144 0.853854 
0.002002 0.145145 0.852853 
0.002002 0.146146 0.851852 
0.002002 0.147147 0.850851 
0.002002 0.149149 0.848849 
0.002002 0.150150 0.847848 
0.002002 0.151151 0.846847 
0.002002 0.154154 0.843844 
0.002002 0.155155 0.842843 
0.002002 0.157157 0.840841 
0.002002 0.158158 0.839840 
0.002002 0.159159 0.838839 
0.002002 0.160160 0.837838 
0.002002 0.164164 0.833834 
0.002002 0.165165 0.832833 
0.002002 0.166166 0.831832 
0.002002 0.170170 0.827828 
0.002002 0.171171 0.826827 
0.002002 0.172172 0.825826 
0.002002 0.173173 0.824825 
0.002002 0.175175 0.822823 
0.002002 0.177177 0.820821 
0.002002 0.182182 0.815816 
0.002002 0.184184 0.813814 
0.002002 0.186186 0.811812 
0.002002 0.188188 0.809810 
0.002002 0.191191 0.806807 
0.002002 0.193193 0.804805 
0.002002 0.194194 0.803804 
0.002002 0.195195 0.802803 
0.002002 0.197197 0.800801 
0.002002 0.198198 0.799800 
0.002002 0.199199 0.798799 
0.002002 0.200200 0.797798 
0.002002 0.202202 0.795796 
0.002002 0.204204 0.793794 
0.002002 0.206206 0.791792 
0.002002 0.208208 0.789790 
0.002002 0.210210 0.787788 
0.002002 0.214214 0.783784 
0.002002 0.217217 0.780781 
0.002002 0.219219 0.778779 
0.002002 0.226226 0.771772 
0.002002 0.227227 0.770771 
0.002002 0.229229 0.768769 
0.002002 0.234234 0.763764 
0.002002 0.235235 0.762763 
0.002002 0.236236 0.761762 
0.002002 0.239239 0.758759 
0.002002 0.245245 0.752753 
0.002002 0.246246 0.751752 
0.002002 0.248248 0.749750 
0.002002 0.256256 0.741742 
0.002002 0.259259 0.738739 
0.002002 0.263263 0.734735 
0.002002 0.266266 0.731732 
0.002002 0.267267 0.730731 
0.002002 0.269269 0.728729 
0.002002 0.278278 0.719720 
0.002002 0.282282 0.715716 
0.002002 0.283283 0.714715 
0.002002 0.285285 0.712713 
0.002002 0.289289 0.708709 
0.002002 0.294294 0.703704 
0.002002 0.295295 0.702703 
0.002002 0.298298 0.699700 
0.002002 0.299299 0.698699 
0.002002 0.302302 0.695696 
0.002002 0.304304 0.693694 
0.002002 0.307307 0.690691 
0.002002 0.310310 0.687688 
0.002002 0.311311 0.686687 
0.002002 0.312312 0.685686 
0.002002 0.315315 0.682683 
0.002002 0.320320 0.677678 
0.002002 0.322322 0.675676 
0.002002 0.327327 0.670671 
0.002002 0.329329 0.668669 
0.002002 0.331331 0.666667 
0.002002 0.332332 0.665666 
0.002002 0.333333 0.664665 
0.002002 0.338338 0.659660 
0.002002 0.339339 0.658659 
0.002002 0.341341 0.656657 
0.002002 0.345345 0.652653 
0.002002 0.348348 0.649650 
0.002002 0.349349 0.648649 
0.002002 0.350350 0.647648 
0.002002 0.352352 0.645646 
0.002002 0.355355 0.642643 
0.002002 0.359359 0.638639 
0.002002 0.363363 0.634635 
0.002002 0.366366 0.631632 
0.002002 0.368368 0.629630 
0.002002 0.369369 0.628629 
0.002002 0.373373 0.624625 
0.002002 0.379379 0.618619 
0.002002 0.380380 0.617618 
0.002002 0.382382 0.615616 
0.002002 0.387387 0.610611 
0.002002 0.392392 0.605606 
0.002002 0.393393 0.604605 
0.002002 0.394394 0.603604 
0.002002 0.399399 0.598599 
0.002002 0.407407 0.590591 
0.002002 0.417417 0.580581 
0.002002 0.418418 0.579580 
0.002002 0.423423 0.574575 
0.002002 0.427427 0.570571 
0.002002 0.428428 0.569570 
0.002002 0.429429 0.568569 
0.002002 0.449449 0.548549 
0.002002 0.452452 0.545546 
0.002002 0.453453 0.544545 
0.002002 0.458458 0.539540 
0.002002 0.467467 0.530531 
0.002002 0.478478 0.519520 
0.002002 0.479479 0.518519 
0.002002 0.482482 0.515516 
0.002002 0.484484 0.513514 
0.002002 0.486486 0.511512 
0.002002 0.489489 0.508509 
0.002002 0.491491 0.506507 
0.002002 0.494494 0.503504 
0.002002 0.499499 0.498498 
0.002002 0.509510 0.488488 
0.002002 0.517518 0.480480 
0.002002 0.527528 0.470470 
0.002002 0.532533 0.465465 
0.002002 0.537538 0.460460 
0.002002 0.543544 0.454454 
0.002002 0.546547 0.451451 
0.002002 0.548549 0.449449 
0.002002 0.549550 0.448448 
0.002002 0.558559 0.439439 
0.002002 0.561562 0.436436 
0.002002 0.564565 0.433433 
0.002002 0.567568 0.430430 
0.002002 0.569570 0.428428 
0.002002 0.574575 0.423423 
0.002002 0.575576 0.422422 
0.002002 0.577578 0.420420 
0.002002 0.580581 0.417417 
0.002002 0.592593 0.405405 
0.002002 0.593594 0.404404 
0.002002 0.594595 0.403403 
0.002002 0.595596 0.402402 
0.002002 0.598599 0.399399 
0.002002 0.603604 0.394394 
0.002002 0.606607 0.391391 
0.002002 0.609610 0.388388 
0.002002 0.614615 0.383383 
0.002002 0.616617 0.381381 
0.002002 0.618619 0.379379 
0.002002 0.619620 0.378378 
0.002002 0.642643 0.355355 
0.002002 0.643644 0.354354 
0.002002 0.644645 0.353353 
0.002002 0.646647 0.351351 
0.002002 0.647648 0.350350 
0.002002 0.648649 0.349349 
0.002002 0.649650 0.348348 
0.002002 0.653654 0.344344 
0.002002 0.654655 0.343343 
0.002002 0.655656 0.342342 
0.002002 0.656657 0.341341 
0.002002 0.658659 0.339339 
0.002002 0.661662 0.336336 
0.002002 0.663664 0.334334 
0.002002 0.664665 0.333333 
0.002002 0.666667 0.331331 
0.002002 0.668669 0.329329 
0.002002 0.670671 0.327327 
0.002002 0.671672 0.326326 
0.002002 0.675676 0.322322 
0.002002 0.681682 0.316316 
0.002002 0.682683 0.315315 
0.002002 0.686687 0.311311 
0.002002 0.688689 0.309309 
0.002002 0.695696 0.302302 
0.002002 0.696697 0.301301 
0.002002 0.700701 0.297297 
0.002002 0.706707 0.291291 
0.002002 0.711712 0.286286 
0.002002 0.720721 0.277277 
0.002002 0.721722 0.276276 
0.002002 0.722723 0.275275 
0.002002 0.725726 0.272272 
0.002002 0.728729 0.269269 
0.002002 0.736737 0.261261 
0.002002 0.740741 0.257257 
0.002002 0.742743 0.255255 
0.002002 0.744745 0.253253 
0.002002 0.746747 0.251251 
0.002002 0.747748 0.250250 
0.002002 0.748749 0.249249 
0.002002 0.749750 0.248248 
0.002002 0.750751 0.247247 
0.002002 0.751752 0.246246 
0.002002 0.752753 0.245245 
0.002002 0.753754 0.244244 
0.002002 0.754755 0.243243 
0.002002 0.756757 0.241241 
0.002002 0.764765 0.233233 
0.002002 0.772773 0.225225 
0.002002 0.773774 0.224224 
0.002002 0.774775 0.223223 
0.002002 0.775776 0.222222 
0.002002 0.777778 0.220220 
0.002002 0.778779 0.219219 
0.002002 0.779780 0.218218 
0.002002 0.782783 0.215215 
0.002002 0.786787 0.211211 
0.002002 0.789790 0.208208 
0.002002 0.790791 0.207207 
0.002002 0.791792 0.206206 
0.002002 0.792793 0.205205 
0.002002 0.798799 0.199199 
0.002002 0.799800 0.198198 
0.002002 0.800801 0.197197 
0.002002 0.801802 0.196196 
0.002002 0.802803 0.195195 
0.002002 0.803804 0.194194 
0.002002 0.804805 0.193193 
0.002002 0.810811 0.187187 
0.002002 0.812813 0.185185 
0.002002 0.813814 0.184184 
0.002002 0.815816 0.182182 
0.002002 0.816817 0.181181 
0.002002 0.817818 0.180180 
0.002002 0.818819 0.179179 
0.002002 0.819820 0.178178 
0.002002 0.820821 0.177177 
0.002002 0.821822 0.176176 
0.002002 0.824825 0.173173 
0.002002 0.825826 0.172172 
0.002002 0.828829 0.169169 
0.002002 0.829830 0.168168 
0.002002 0.833834 0.164164 
0.002002 0.835836 0.162162 
0.002002 0.837838 0.160160 
0.002002 0.838839 0.159159 
0.002002 0.841842 0.156156 
0.002002 0.842843 0.155155 
0.002002 0.843844 0.154154 
0.002002 0.844845 0.153153 
0.002002 0.845846 0.152152 
0.002002 0.847848 0.150150 
0.002002 0.849850 0.148148 
0.002002 0.850851 0.147147 
0.002002 0.851852 0.146146 
0.002002 0.853854 0.144144 
0.002002 0.854855 0.143143 
0.002002 0.856857 0.141141 
0.002002 0.857858 0.140140 
0.002002 0.858859 0.139139 
0.002002 0.859860 0.138138 
0.002002 0.860861 0.137137 
0.002002 0.861862 0.136136 
0.002002 0.862863 0.135135 
0.002002 0.863864 0.134134 
0.002002 0.864865 0.133133 
0.002002 0.865866 0.132132 
0.002002 0.866867 0.131131 
0.002002 0.867868 0.130130 
0.002002 0.868869 0.129129 
0.002002 0.870871 0.127127 
0.002002 0.871872 0.126126 
0.002002 0.877878 0.120120 
0.002002 0.879880 0.118118 
0.002002 0.883884 0.114114 
0.002002 0.884885 0.113113 
0.002002 0.887888 0.110110 
0.002002 0.888889 0.109109 
0.002002 0.889890 0.108108 
0.002002 0.890891 0.107107 
0.002002 0.891892 0.106106 
0.002002 0.893894 0.104104 
0.002002 0.895896 0.102102 
0.002002 0.896897 0.101101 
0.002002 0.898899 0.099099 
0.002002 0.899900 0.098098 
0.002002 0.901902 0.096096 
0.002002 0.902903 0.095095 
0.002002 0.903904 0.094094 
0.002002 0.904905 0.093093 
0.002002 0.906907 0.091091 
0.002002 0.907908 0.090090 
0.002002 0.912913 0.085085 
0.002002 0.913914 0.084084 
0.002002 0.915916 0.082082 
0.002002 0.916917 0.081081 
0.002002 0.917918 0.080080 
0.002002 0.918919 0.079079 
0.002002 0.920921 0.077077 
0.002002 0.922923 0.075075 
0.002002 0.923924 0.074074 
0.002002 0.924925 0.073073 
0.002002 0.925926 0.072072 
0.002002 0.926927 0.071071 
0.002002 0.927928 0.070070 
0.002002 0.928929 0.069069 
