0.157157 0.403403 0.439439 
0.164164 0.427427 0.408408 
0.166166 0.402402 0.431431 
0.166166 0.403403 0.430430 
0.169169 0.434434 0.396396 
0.170170 0.446446 0.383383 
0.171171 0.422422 0.406406 
0.172172 0.344344 0.483483 
0.172172 0.377377 0.450450 
0.173173 0.356356 0.470470 
0.173173 0.435435 0.391391 
0.173173 0.455455 0.371371 
0.173173 0.466466 0.360360 
0.174174 0.397397 0.428428 
0.176176 0.394394 0.429429 
0.177177 0.416416 0.406406 
0.178178 0.368368 0.453453 
0.178178 0.401401 0.420420 
0.179179 0.350350 0.470470 
0.179179 0.483483 0.337337 
0.180180 0.373373 0.446446 
0.180180 0.415415 0.404404 
0.180180 0.420420 0.399399 
0.181181 0.351351 0.467467 
0.181181 0.398398 0.420420 
0.181181 0.464464 0.354354 
0.182182 0.410410 0.407407 
0.183183 0.422422 0.394394 
0.183183 0.470470 0.346346 
0.183183 0.476476 0.340340 
0.184184 0.326326 0.489489 
0.185185 0.470470 0.344344 
0.186186 0.470470 0.343343 
0.188188 0.398398 0.413413 
0.188188 0.426426 0.385385 
0.189189 0.394394 0.416416 
0.190190 0.479479 0.330330 
0.191191 0.434434 0.374374 
0.192192 0.369369 0.438438 
0.192192 0.394394 0.413413 
0.192192 0.449449 0.358358 
0.193193 0.475475 0.331331 
0.194194 0.464464 0.341341 
0.195195 0.346346 0.458458 
0.195195 0.394394 0.410410 
0.195195 0.428428 0.376376 
0.196196 0.356356 0.447447 
0.196196 0.400400 0.403403 
0.196196 0.419419 0.384384 
0.196196 0.445445 0.358358 
0.197197 0.358358 0.444444 
0.197197 0.369369 0.433433 
0.198198 0.385385 0.416416 
0.198198 0.432432 0.369369 
0.200200 0.309309 0.490490 
0.200200 0.353353 0.446446 
0.200200 0.367367 0.432432 
0.200200 0.473473 0.326326 
0.201201 0.350350 0.448448 
0.201201 0.468468 0.330330 
0.202202 0.341341 0.456456 
0.202202 0.414414 0.383383 
0.202202 0.421421 0.376376 
0.203203 0.422422 0.374374 
0.203203 0.437437 0.359359 
0.203203 0.448448 0.348348 
0.204204 0.367367 0.428428 
0.204204 0.378378 0.417417 
0.205205 0.360360 0.434434 
0.205205 0.433433 0.361361 
0.205205 0.482482 0.312312 
0.206206 0.373373 0.420420 
0.206206 0.461461 0.332332 
0.207207 0.360360 0.432432 
0.207207 0.375375 0.417417 
0.207207 0.387387 0.405405 
0.207207 0.396396 0.396396 
0.207207 0.404404 0.388388 
0.207207 0.407407 0.385385 
0.207207 0.436436 0.356356 
0.208208 0.297297 0.494494 
0.208208 0.360360 0.431431 
0.208208 0.378378 0.413413 
0.208208 0.410410 0.381381 
0.208208 0.436436 0.355355 
0.208208 0.445445 0.346346 
0.208208 0.467467 0.324324 
0.208208 0.484484 0.307307 
0.209209 0.452452 0.338338 
0.209209 0.479479 0.311311 
0.210210 0.332332 0.457457 
0.210210 0.341341 0.448448 
0.210210 0.361361 0.428428 
0.210210 0.365365 0.424424 
0.211211 0.315315 0.473473 
0.211211 0.366366 0.422422 
0.211211 0.390390 0.398398 
0.213213 0.378378 0.408408 
0.213213 0.390390 0.396396 
0.213213 0.451451 0.335335 
0.214214 0.306306 0.479479 
0.214214 0.354354 0.431431 
0.215215 0.362362 0.422422 
0.215215 0.368368 0.416416 
0.216216 0.465465 0.318318 
0.217217 0.333333 0.449449 
0.217217 0.377377 0.405405 
0.217217 0.389389 0.393393 
0.217217 0.425425 0.357357 
0.218218 0.309309 0.472472 
0.218218 0.359359 0.422422 
0.218218 0.370370 0.411411 
0.218218 0.432432 0.349349 
0.218218 0.471471 0.310310 
0.219219 0.284284 0.496496 
0.219219 0.319319 0.461461 
0.220220 0.295295 0.484484 
0.220220 0.346346 0.433433 
0.220220 0.364364 0.415415 
0.220220 0.380380 0.399399 
0.220220 0.438438 0.341341 
0.220220 0.440440 0.339339 
0.221221 0.300300 0.478478 
0.221221 0.307307 0.471471 
0.221221 0.349349 0.429429 
0.221221 0.360360 0.418418 
0.221221 0.366366 0.412412 
0.221221 0.378378 0.400400 
0.221221 0.441441 0.337337 
0.222222 0.341341 0.436436 
0.222222 0.382382 0.395395 
0.222222 0.405405 0.372372 
0.222222 0.448448 0.329329 
0.223223 0.353353 0.423423 
0.223223 0.385385 0.391391 
0.223223 0.434434 0.342342 
0.224224 0.335335 0.440440 
0.224224 0.365365 0.410410 
0.224224 0.371371 0.404404 
0.224224 0.422422 0.353353 
0.224224 0.451451 0.324324 
0.224224 0.478478 0.297297 
0.225225 0.447447 0.327327 
0.225225 0.448448 0.326326 
0.225225 0.450450 0.324324 
0.226226 0.309309 0.464464 
0.226226 0.347347 0.426426 
0.226226 0.391391 0.382382 
0.226226 0.437437 0.336336 
0.226226 0.441441 0.332332 
0.226226 0.461461 0.312312 
0.227227 0.299299 0.473473 
0.227227 0.320320 0.452452 
0.227227 0.350350 0.422422 
0.227227 0.399399 0.373373 
0.227227 0.455455 0.317317 
0.227227 0.471471 0.301301 
0.228228 0.281281 0.490490 
0.228228 0.304304 0.467467 
0.228228 0.345345 0.426426 
0.228228 0.408408 0.363363 
0.228228 0.445445 0.326326 
0.228228 0.477477 0.294294 
0.229229 0.338338 0.432432 
0.229229 0.438438 0.332332 
0.230230 0.444444 0.325325 
0.230230 0.459459 0.310310 
0.230230 0.464464 0.305305 
0.230230 0.480480 0.289289 
0.231231 0.333333 0.435435 
0.231231 0.342342 0.426426 
0.231231 0.402402 0.366366 
0.231231 0.459459 0.309309 
0.232232 0.288288 0.479479 
0.232232 0.405405 0.362362 
0.233233 0.316316 0.450450 
0.233233 0.354354 0.412412 
0.233233 0.360360 0.406406 
0.233233 0.415415 0.351351 
0.233233 0.446446 0.320320 
0.233233 0.480480 0.286286 
0.234234 0.309309 0.456456 
0.234234 0.327327 0.438438 
0.234234 0.460460 0.305305 
0.234234 0.486486 0.279279 
0.235235 0.274274 0.490490 
0.235235 0.342342 0.422422 
0.235235 0.347347 0.417417 
0.235235 0.350350 0.414414 
0.235235 0.416416 0.348348 
0.236236 0.302302 0.461461 
0.236236 0.341341 0.422422 
0.236236 0.351351 0.412412 
0.236236 0.360360 0.403403 
0.236236 0.371371 0.392392 
0.236236 0.375375 0.388388 
0.236236 0.387387 0.376376 
0.236236 0.405405 0.358358 
0.236236 0.409409 0.354354 
0.236236 0.414414 0.349349 
0.236236 0.432432 0.331331 
0.236236 0.497497 0.266266 
0.237237 0.299299 0.463463 
0.237237 0.336336 0.426426 
0.237237 0.415415 0.347347 
0.237237 0.429429 0.333333 
0.237237 0.435435 0.327327 
0.237237 0.447447 0.315315 
0.238238 0.350350 0.411411 
0.238238 0.371371 0.390390 
0.238238 0.469469 0.292292 
0.239239 0.318318 0.442442 
0.239239 0.359359 0.401401 
0.240240 0.334334 0.425425 
0.240240 0.384384 0.375375 
0.240240 0.421421 0.338338 
0.240240 0.444444 0.315315 
0.240240 0.468468 0.291291 
0.241241 0.342342 0.416416 
0.241241 0.384384 0.374374 
0.242242 0.280280 0.477477 
0.242242 0.294294 0.463463 
0.242242 0.323323 0.434434 
0.242242 0.344344 0.413413 
0.242242 0.385385 0.372372 
0.242242 0.396396 0.361361 
0.242242 0.397397 0.360360 
0.242242 0.413413 0.344344 
0.242242 0.461461 0.296296 
0.243243 0.304304 0.452452 
0.243243 0.311311 0.445445 
0.243243 0.316316 0.440440 
0.243243 0.343343 0.413413 
0.243243 0.368368 0.388388 
0.243243 0.378378 0.378378 
0.243243 0.400400 0.356356 
0.244244 0.356356 0.399399 
0.244244 0.389389 0.366366 
0.244244 0.391391 0.364364 
0.244244 0.415415 0.340340 
0.245245 0.341341 0.413413 
0.245245 0.363363 0.391391 
0.245245 0.383383 0.371371 
0.245245 0.396396 0.358358 
0.245245 0.398398 0.356356 
0.245245 0.431431 0.323323 
0.245245 0.465465 0.289289 
0.246246 0.264264 0.489489 
0.246246 0.314314 0.439439 
0.246246 0.327327 0.426426 
0.247247 0.313313 0.439439 
0.247247 0.316316 0.436436 
0.247247 0.440440 0.312312 
0.247247 0.441441 0.311311 
0.248248 0.338338 0.413413 
0.248248 0.351351 0.400400 
0.248248 0.362362 0.389389 
0.248248 0.367367 0.384384 
0.248248 0.392392 0.359359 
0.249249 0.294294 0.456456 
0.249249 0.313313 0.437437 
0.249249 0.397397 0.353353 
0.249249 0.436436 0.314314 
0.250250 0.328328 0.421421 
0.250250 0.358358 0.391391 
0.250250 0.360360 0.389389 
0.250250 0.386386 0.363363 
0.250250 0.414414 0.335335 
0.250250 0.441441 0.308308 
0.250250 0.494494 0.255255 
0.251251 0.274274 0.474474 
0.251251 0.285285 0.463463 
0.251251 0.355355 0.393393 
0.251251 0.357357 0.391391 
0.251251 0.384384 0.364364 
0.252252 0.269269 0.478478 
0.252252 0.291291 0.456456 
0.252252 0.355355 0.392392 
0.252252 0.397397 0.350350 
0.252252 0.456456 0.291291 
0.253253 0.293293 0.453453 
0.253253 0.335335 0.411411 
0.253253 0.337337 0.409409 
0.253253 0.383383 0.363363 
0.253253 0.395395 0.351351 
0.253253 0.445445 0.301301 
0.254254 0.317317 0.428428 
0.254254 0.357357 0.388388 
0.254254 0.362362 0.383383 
0.254254 0.399399 0.346346 
0.254254 0.422422 0.323323 
0.254254 0.441441 0.304304 
0.254254 0.446446 0.299299 
0.254254 0.504505 0.241241 
0.255255 0.276276 0.468468 
0.255255 0.345345 0.399399 
0.255255 0.417417 0.327327 
0.255255 0.423423 0.321321 
0.255255 0.440440 0.304304 
0.255255 0.470470 0.274274 
0.255255 0.489489 0.255255 
0.255255 0.498498 0.246246 
0.256256 0.335335 0.408408 
0.256256 0.352352 0.391391 
0.256256 0.365365 0.378378 
0.256256 0.372372 0.371371 
0.256256 0.462462 0.281281 
0.257257 0.276276 0.466466 
0.257257 0.291291 0.451451 
0.257257 0.308308 0.434434 
0.257257 0.309309 0.433433 
0.257257 0.341341 0.401401 
0.257257 0.354354 0.388388 
0.257257 0.368368 0.374374 
0.257257 0.370370 0.372372 
0.257257 0.403403 0.339339 
0.257257 0.415415 0.327327 
0.258258 0.268268 0.473473 
0.258258 0.283283 0.458458 
0.258258 0.286286 0.455455 
0.258258 0.315315 0.426426 
0.258258 0.330330 0.411411 
0.258258 0.374374 0.367367 
0.258258 0.388388 0.353353 
0.259259 0.298298 0.442442 
0.259259 0.299299 0.441441 
0.259259 0.324324 0.416416 
0.259259 0.379379 0.361361 
0.259259 0.399399 0.341341 
0.259259 0.456456 0.284284 
0.260260 0.284284 0.455455 
0.260260 0.305305 0.434434 
0.260260 0.315315 0.424424 
0.260260 0.331331 0.408408 
0.260260 0.355355 0.384384 
0.260260 0.390390 0.349349 
0.260260 0.419419 0.320320 
0.260260 0.429429 0.310310 
0.260260 0.468468 0.271271 
0.261261 0.336336 0.402402 
0.261261 0.361361 0.377377 
0.261261 0.374374 0.364364 
0.261261 0.385385 0.353353 
0.261261 0.396396 0.342342 
0.261261 0.476476 0.262262 
0.262262 0.284284 0.453453 
0.262262 0.296296 0.441441 
0.262262 0.299299 0.438438 
0.262262 0.308308 0.429429 
0.262262 0.335335 0.402402 
0.262262 0.344344 0.393393 
0.262262 0.455455 0.282282 
0.262262 0.464464 0.273273 
0.263263 0.283283 0.453453 
0.263263 0.311311 0.425425 
0.263263 0.352352 0.384384 
0.263263 0.363363 0.373373 
0.263263 0.395395 0.341341 
0.263263 0.450450 0.286286 
0.263263 0.469469 0.267267 
0.264264 0.384384 0.351351 
0.264264 0.431431 0.304304 
0.265265 0.254254 0.480480 
0.265265 0.287287 0.447447 
0.265265 0.330330 0.404404 
0.265265 0.348348 0.386386 
0.265265 0.355355 0.379379 
0.265265 0.389389 0.345345 
0.265265 0.390390 0.344344 
0.265265 0.429429 0.305305 
0.266266 0.274274 0.459459 
0.266266 0.280280 0.453453 
0.266266 0.302302 0.431431 
0.266266 0.320320 0.413413 
0.266266 0.325325 0.408408 
0.266266 0.353353 0.380380 
0.266266 0.374374 0.359359 
0.266266 0.395395 0.338338 
0.266266 0.411411 0.322322 
0.266266 0.475475 0.258258 
0.267267 0.325325 0.407407 
0.267267 0.338338 0.394394 
0.267267 0.370370 0.362362 
0.267267 0.433433 0.299299 
0.267267 0.451451 0.281281 
0.267267 0.469469 0.263263 
0.268268 0.269269 0.462462 
0.268268 0.276276 0.455455 
0.268268 0.310310 0.421421 
0.268268 0.336336 0.395395 
0.268268 0.413413 0.318318 
0.269269 0.271271 0.459459 
0.269269 0.300300 0.430430 
0.269269 0.332332 0.398398 
0.269269 0.334334 0.396396 
0.269269 0.371371 0.359359 
0.269269 0.394394 0.336336 
0.269269 0.419419 0.311311 
0.269269 0.427427 0.303303 
0.270270 0.311311 0.418418 
0.270270 0.321321 0.408408 
0.270270 0.345345 0.384384 
0.270270 0.358358 0.371371 
0.270270 0.447447 0.282282 
0.270270 0.451451 0.278278 
0.270270 0.458458 0.271271 
0.270270 0.478478 0.251251 
0.271271 0.233233 0.495495 
0.271271 0.236236 0.492492 
0.271271 0.326326 0.402402 
0.271271 0.351351 0.377377 
0.271271 0.365365 0.363363 
0.271271 0.393393 0.335335 
0.271271 0.405405 0.323323 
0.271271 0.436436 0.292292 
0.271271 0.466466 0.262262 
0.272272 0.261261 0.466466 
0.272272 0.334334 0.393393 
0.272272 0.379379 0.348348 
0.272272 0.391391 0.336336 
0.272272 0.439439 0.288288 
0.272272 0.449449 0.278278 
0.273273 0.228228 0.498498 
0.273273 0.277277 0.449449 
0.273273 0.322322 0.404404 
0.273273 0.333333 0.393393 
0.273273 0.383383 0.343343 
0.273273 0.434434 0.292292 
0.273273 0.464464 0.262262 
0.273273 0.468468 0.258258 
0.274274 0.282282 0.443443 
0.274274 0.283283 0.442442 
0.274274 0.303303 0.422422 
0.274274 0.378378 0.347347 
0.274274 0.383383 0.342342 
0.274274 0.407407 0.318318 
0.274274 0.432432 0.293293 
0.274274 0.436436 0.289289 
0.275275 0.256256 0.468468 
0.275275 0.288288 0.436436 
0.275275 0.325325 0.399399 
0.275275 0.336336 0.388388 
0.275275 0.419419 0.305305 
0.275275 0.427427 0.297297 
0.275275 0.442442 0.282282 
0.275275 0.450450 0.274274 
0.275275 0.469469 0.255255 
0.275275 0.479479 0.245245 
0.276276 0.330330 0.393393 
0.276276 0.374374 0.349349 
0.276276 0.375375 0.348348 
0.276276 0.381381 0.342342 
0.276276 0.382382 0.341341 
0.276276 0.389389 0.334334 
0.276276 0.393393 0.330330 
0.276276 0.395395 0.328328 
0.276276 0.405405 0.318318 
0.276276 0.407407 0.316316 
0.276276 0.457457 0.266266 
0.277277 0.324324 0.398398 
0.277277 0.346346 0.376376 
0.277277 0.363363 0.359359 
0.277277 0.370370 0.352352 
0.277277 0.437437 0.285285 
0.278278 0.257257 0.464464 
0.278278 0.293293 0.428428 
0.278278 0.362362 0.359359 
0.278278 0.388388 0.333333 
0.278278 0.397397 0.324324 
0.278278 0.421421 0.300300 
0.278278 0.437437 0.284284 
0.279279 0.262262 0.458458 
0.279279 0.319319 0.401401 
0.279279 0.455455 0.265265 
0.279279 0.465465 0.255255 
0.280280 0.228228 0.491491 
0.280280 0.313313 0.406406 
0.280280 0.363363 0.356356 
0.281281 0.282282 0.436436 
0.281281 0.320320 0.398398 
0.281281 0.336336 0.382382 
0.281281 0.392392 0.326326 
0.282282 0.234234 0.483483 
0.282282 0.241241 0.476476 
0.282282 0.264264 0.453453 
0.282282 0.299299 0.418418 
0.282282 0.304304 0.413413 
0.282282 0.307307 0.410410 
0.282282 0.318318 0.399399 
0.282282 0.345345 0.372372 
0.282282 0.355355 0.362362 
0.282282 0.397397 0.320320 
0.282282 0.403403 0.314314 
0.282282 0.454454 0.263263 
0.282282 0.466466 0.251251 
0.283283 0.230230 0.486486 
0.283283 0.303303 0.413413 
0.283283 0.381381 0.335335 
0.283283 0.403403 0.313313 
0.283283 0.420420 0.296296 
0.283283 0.422422 0.294294 
0.283283 0.464464 0.252252 
0.284284 0.234234 0.481481 
0.284284 0.284284 0.431431 
0.284284 0.289289 0.426426 
0.284284 0.304304 0.411411 
0.284284 0.325325 0.390390 
0.284284 0.425425 0.290290 
0.284284 0.439439 0.276276 
0.284284 0.456456 0.259259 
0.285285 0.268268 0.446446 
0.285285 0.276276 0.438438 
0.285285 0.330330 0.384384 
0.285285 0.338338 0.376376 
0.285285 0.347347 0.367367 
0.285285 0.350350 0.364364 
0.285285 0.366366 0.348348 
0.285285 0.393393 0.321321 
0.285285 0.397397 0.317317 
0.285285 0.431431 0.283283 
0.285285 0.435435 0.279279 
0.286286 0.244244 0.469469 
0.286286 0.311311 0.402402 
0.286286 0.352352 0.361361 
0.286286 0.372372 0.341341 
0.286286 0.373373 0.340340 
0.286286 0.378378 0.335335 
0.286286 0.407407 0.306306 
0.286286 0.421421 0.292292 
0.286286 0.448448 0.265265 
0.287287 0.264264 0.448448 
0.287287 0.292292 0.420420 
0.287287 0.305305 0.407407 
0.287287 0.320320 0.392392 
0.287287 0.339339 0.373373 
0.287287 0.371371 0.341341 
0.287287 0.377377 0.335335 
0.287287 0.395395 0.317317 
0.287287 0.419419 0.293293 
0.287287 0.422422 0.290290 
0.287287 0.423423 0.289289 
0.287287 0.430430 0.282282 
0.287287 0.443443 0.269269 
0.288288 0.296296 0.415415 
0.288288 0.307307 0.404404 
0.288288 0.337337 0.374374 
0.288288 0.348348 0.363363 
0.288288 0.356356 0.355355 
0.289289 0.263263 0.447447 
0.289289 0.304304 0.406406 
0.289289 0.350350 0.360360 
0.289289 0.395395 0.315315 
0.289289 0.417417 0.293293 
0.289289 0.437437 0.273273 
0.289289 0.454454 0.256256 
0.290290 0.212212 0.497497 
0.290290 0.228228 0.481481 
0.290290 0.256256 0.453453 
0.290290 0.282282 0.427427 
0.290290 0.290290 0.419419 
0.290290 0.297297 0.412412 
0.290290 0.320320 0.389389 
0.290290 0.333333 0.376376 
0.290290 0.360360 0.349349 
0.290290 0.370370 0.339339 
0.290290 0.400400 0.309309 
0.290290 0.460460 0.249249 
0.291291 0.253253 0.455455 
0.291291 0.328328 0.380380 
0.291291 0.379379 0.329329 
0.291291 0.391391 0.317317 
0.291291 0.407407 0.301301 
0.291291 0.416416 0.292292 
0.292292 0.261261 0.446446 
0.292292 0.371371 0.336336 
0.292292 0.372372 0.335335 
0.292292 0.374374 0.333333 
0.292292 0.410410 0.297297 
0.292292 0.425425 0.282282 
0.292292 0.439439 0.268268 
0.293293 0.329329 0.377377 
0.293293 0.335335 0.371371 
0.293293 0.336336 0.370370 
0.293293 0.339339 0.367367 
0.293293 0.370370 0.336336 
0.294294 0.210210 0.495495 
0.294294 0.216216 0.489489 
0.294294 0.244244 0.461461 
0.294294 0.269269 0.436436 
0.294294 0.294294 0.411411 
0.294294 0.361361 0.344344 
0.294294 0.362362 0.343343 
0.294294 0.409409 0.296296 
0.294294 0.428428 0.277277 
0.294294 0.453453 0.252252 
0.295295 0.236236 0.468468 
0.295295 0.339339 0.365365 
0.295295 0.408408 0.296296 
0.295295 0.417417 0.287287 
0.296296 0.310310 0.393393 
0.296296 0.318318 0.385385 
0.296296 0.324324 0.379379 
0.296296 0.341341 0.362362 
0.296296 0.345345 0.358358 
0.296296 0.393393 0.310310 
0.296296 0.396396 0.307307 
0.297297 0.241241 0.461461 
0.297297 0.271271 0.431431 
0.297297 0.280280 0.422422 
0.297297 0.305305 0.397397 
0.297297 0.326326 0.376376 
0.297297 0.351351 0.351351 
0.297297 0.353353 0.349349 
0.297297 0.359359 0.343343 
0.297297 0.374374 0.328328 
0.297297 0.376376 0.326326 
0.297297 0.466466 0.236236 
0.298298 0.251251 0.450450 
0.298298 0.267267 0.434434 
0.298298 0.322322 0.379379 
0.298298 0.360360 0.341341 
0.298298 0.406406 0.295295 
0.298298 0.429429 0.272272 
0.298298 0.430430 0.271271 
0.298298 0.438438 0.263263 
0.299299 0.225225 0.475475 
0.299299 0.270270 0.430430 
0.299299 0.274274 0.426426 
0.299299 0.332332 0.368368 
0.299299 0.342342 0.358358 
0.299299 0.359359 0.341341 
0.299299 0.408408 0.292292 
0.300300 0.268268 0.431431 
0.300300 0.325325 0.374374 
0.300300 0.362362 0.337337 
0.300300 0.404404 0.295295 
0.300300 0.440440 0.259259 
0.301301 0.266266 0.432432 
0.301301 0.297297 0.401401 
0.301301 0.311311 0.387387 
0.301301 0.316316 0.382382 
0.301301 0.372372 0.326326 
0.301301 0.377377 0.321321 
0.301301 0.388388 0.310310 
0.302302 0.289289 0.408408 
0.302302 0.310310 0.387387 
0.302302 0.313313 0.384384 
0.302302 0.355355 0.342342 
0.302302 0.415415 0.282282 
0.302302 0.423423 0.274274 
0.302302 0.424424 0.273273 
0.302302 0.428428 0.269269 
0.302302 0.460460 0.237237 
0.303303 0.278278 0.418418 
0.303303 0.281281 0.415415 
0.303303 0.296296 0.400400 
0.303303 0.307307 0.389389 
0.303303 0.319319 0.377377 
0.303303 0.321321 0.375375 
0.303303 0.380380 0.316316 
0.303303 0.475475 0.221221 
0.304304 0.199199 0.496496 
0.304304 0.214214 0.481481 
0.304304 0.276276 0.419419 
0.304304 0.322322 0.373373 
0.304304 0.357357 0.338338 
0.304304 0.426426 0.269269 
0.305305 0.234234 0.460460 
0.305305 0.316316 0.378378 
0.305305 0.326326 0.368368 
0.305305 0.328328 0.366366 
0.305305 0.345345 0.349349 
0.305305 0.357357 0.337337 
0.305305 0.360360 0.334334 
0.305305 0.366366 0.328328 
0.305305 0.368368 0.326326 
0.306306 0.245245 0.448448 
0.306306 0.270270 0.423423 
0.306306 0.326326 0.367367 
0.306306 0.353353 0.340340 
0.306306 0.364364 0.329329 
0.306306 0.416416 0.277277 
0.307307 0.234234 0.458458 
0.307307 0.277277 0.415415 
0.307307 0.326326 0.366366 
0.307307 0.335335 0.357357 
0.307307 0.339339 0.353353 
0.307307 0.386386 0.306306 
0.307307 0.391391 0.301301 
0.307307 0.426426 0.266266 
0.307307 0.428428 0.264264 
0.308308 0.282282 0.409409 
0.308308 0.311311 0.380380 
0.308308 0.316316 0.375375 
0.308308 0.339339 0.352352 
0.308308 0.345345 0.346346 
0.308308 0.402402 0.289289 
0.308308 0.407407 0.284284 
0.309309 0.274274 0.416416 
0.309309 0.418418 0.272272 
0.310310 0.444444 0.245245 
0.310310 0.455455 0.234234 
0.310310 0.490490 0.199199 
0.311311 0.239239 0.449449 
0.311311 0.310310 0.378378 
0.311311 0.331331 0.357357 
0.311311 0.357357 0.331331 
0.311311 0.399399 0.289289 
0.311311 0.428428 0.260260 
0.311311 0.466466 0.222222 
0.312312 0.346346 0.341341 
0.312312 0.352352 0.335335 
0.312312 0.374374 0.313313 
0.312312 0.391391 0.296296 
0.312312 0.468468 0.219219 
0.312312 0.471471 0.216216 
0.313313 0.257257 0.429429 
0.313313 0.292292 0.394394 
0.313313 0.315315 0.371371 
0.313313 0.325325 0.361361 
0.313313 0.343343 0.343343 
0.313313 0.381381 0.305305 
0.313313 0.386386 0.300300 
0.313313 0.493493 0.193193 
0.314314 0.242242 0.443443 
0.314314 0.303303 0.382382 
0.314314 0.312312 0.373373 
0.314314 0.384384 0.301301 
0.314314 0.388388 0.297297 
0.314314 0.398398 0.287287 
0.314314 0.428428 0.257257 
0.314314 0.440440 0.245245 
0.315315 0.307307 0.377377 
0.315315 0.380380 0.304304 
0.315315 0.385385 0.299299 
0.316316 0.215215 0.468468 
0.316316 0.232232 0.451451 
0.316316 0.401401 0.282282 
0.316316 0.411411 0.272272 
0.316316 0.482482 0.201201 
0.317317 0.253253 0.429429 
0.317317 0.264264 0.418418 
0.317317 0.265265 0.417417 
0.317317 0.288288 0.394394 
0.317317 0.292292 0.390390 
0.317317 0.298298 0.384384 
0.317317 0.338338 0.344344 
0.317317 0.343343 0.339339 
0.317317 0.358358 0.324324 
0.317317 0.380380 0.302302 
0.317317 0.381381 0.301301 
0.317317 0.395395 0.287287 
0.318318 0.339339 0.342342 
0.318318 0.363363 0.318318 
0.318318 0.386386 0.295295 
0.318318 0.391391 0.290290 
0.318318 0.430430 0.251251 
0.318318 0.432432 0.249249 
0.319319 0.397397 0.283283 
0.319319 0.452452 0.228228 
0.320320 0.236236 0.443443 
0.320320 0.244244 0.435435 
0.320320 0.292292 0.387387 
0.320320 0.297297 0.382382 
0.320320 0.323323 0.356356 
0.320320 0.335335 0.344344 
0.320320 0.354354 0.325325 
0.320320 0.373373 0.306306 
0.320320 0.398398 0.281281 
0.320320 0.403403 0.276276 
0.320320 0.425425 0.254254 
0.320320 0.454454 0.225225 
0.321321 0.218218 0.460460 
0.321321 0.241241 0.437437 
0.321321 0.258258 0.420420 
0.321321 0.315315 0.363363 
0.321321 0.337337 0.341341 
0.321321 0.411411 0.267267 
0.322322 0.230230 0.447447 
0.322322 0.240240 0.437437 
0.322322 0.293293 0.384384 
0.322322 0.312312 0.365365 
0.322322 0.351351 0.326326 
0.322322 0.385385 0.292292 
0.322322 0.444444 0.233233 
0.323323 0.371371 0.305305 
0.323323 0.374374 0.302302 
0.323323 0.473473 0.203203 
0.324324 0.241241 0.434434 
0.324324 0.351351 0.324324 
0.324324 0.382382 0.293293 
0.324324 0.385385 0.290290 
0.324324 0.395395 0.280280 
0.324324 0.422422 0.253253 
0.324324 0.445445 0.230230 
0.325325 0.257257 0.417417 
0.325325 0.307307 0.367367 
0.325325 0.346346 0.328328 
0.325325 0.379379 0.295295 
0.325325 0.381381 0.293293 
0.325325 0.396396 0.278278 
0.325325 0.448448 0.226226 
0.326326 0.248248 0.425425 
0.326326 0.251251 0.422422 
0.326326 0.284284 0.389389 
0.326326 0.316316 0.357357 
0.326326 0.317317 0.356356 
0.326326 0.330330 0.343343 
0.326326 0.368368 0.305305 
0.326326 0.369369 0.304304 
0.326326 0.383383 0.290290 
0.326326 0.387387 0.286286 
0.326326 0.414414 0.259259 
0.326326 0.417417 0.256256 
0.327327 0.252252 0.420420 
0.327327 0.282282 0.390390 
0.327327 0.294294 0.378378 
0.327327 0.298298 0.374374 
0.327327 0.322322 0.350350 
0.327327 0.323323 0.349349 
0.327327 0.338338 0.334334 
0.327327 0.348348 0.324324 
0.327327 0.355355 0.317317 
0.327327 0.387387 0.285285 
0.327327 0.406406 0.266266 
0.327327 0.432432 0.240240 
0.327327 0.450450 0.222222 
0.328328 0.240240 0.431431 
0.328328 0.293293 0.378378 
0.328328 0.301301 0.370370 
0.328328 0.323323 0.348348 
0.328328 0.327327 0.344344 
0.328328 0.376376 0.295295 
0.328328 0.396396 0.275275 
0.329329 0.296296 0.374374 
0.329329 0.359359 0.311311 
0.329329 0.367367 0.303303 
0.329329 0.381381 0.289289 
0.329329 0.383383 0.287287 
0.329329 0.409409 0.261261 
0.329329 0.424424 0.246246 
0.329329 0.459459 0.211211 
0.330330 0.247247 0.422422 
0.330330 0.297297 0.372372 
0.330330 0.304304 0.365365 
0.330330 0.338338 0.331331 
0.330330 0.374374 0.295295 
0.330330 0.403403 0.266266 
0.330330 0.408408 0.261261 
0.330330 0.412412 0.257257 
0.331331 0.212212 0.456456 
0.331331 0.220220 0.448448 
0.331331 0.225225 0.443443 
0.331331 0.227227 0.441441 
0.331331 0.278278 0.390390 
0.331331 0.298298 0.370370 
0.331331 0.318318 0.350350 
0.331331 0.334334 0.334334 
0.331331 0.374374 0.294294 
0.331331 0.393393 0.275275 
0.331331 0.402402 0.266266 
0.331331 0.422422 0.246246 
0.332332 0.329329 0.338338 
0.332332 0.351351 0.316316 
0.332332 0.414414 0.253253 
0.332332 0.423423 0.244244 
0.332332 0.424424 0.243243 
0.332332 0.439439 0.228228 
0.333333 0.212212 0.454454 
0.333333 0.217217 0.449449 
0.333333 0.276276 0.390390 
0.333333 0.293293 0.373373 
0.333333 0.294294 0.372372 
0.333333 0.298298 0.368368 
0.333333 0.299299 0.367367 
0.333333 0.332332 0.334334 
0.333333 0.363363 0.303303 
0.333333 0.371371 0.295295 
0.333333 0.415415 0.251251 
0.333333 0.418418 0.248248 
0.333333 0.462462 0.204204 
0.334334 0.226226 0.439439 
0.334334 0.257257 0.408408 
0.334334 0.289289 0.376376 
0.334334 0.313313 0.352352 
0.334334 0.316316 0.349349 
0.334334 0.328328 0.337337 
0.334334 0.329329 0.336336 
0.334334 0.381381 0.284284 
0.334334 0.409409 0.256256 
0.334334 0.438438 0.227227 
0.335335 0.243243 0.421421 
0.335335 0.266266 0.398398 
0.335335 0.273273 0.391391 
0.335335 0.334334 0.330330 
0.335335 0.335335 0.329329 
0.335335 0.407407 0.257257 
0.335335 0.418418 0.246246 
0.335335 0.424424 0.240240 
0.335335 0.428428 0.236236 
0.335335 0.481481 0.183183 
0.336336 0.250250 0.413413 
0.336336 0.261261 0.402402 
0.336336 0.264264 0.399399 
0.336336 0.266266 0.397397 
0.336336 0.291291 0.372372 
0.336336 0.311311 0.352352 
0.336336 0.313313 0.350350 
0.336336 0.321321 0.342342 
0.336336 0.354354 0.309309 
0.337337 0.229229 0.433433 
0.337337 0.264264 0.398398 
0.337337 0.400400 0.262262 
0.337337 0.407407 0.255255 
0.337337 0.415415 0.247247 
0.337337 0.424424 0.238238 
0.337337 0.449449 0.213213 
0.338338 0.215215 0.446446 
0.338338 0.221221 0.440440 
0.338338 0.249249 0.412412 
0.338338 0.254254 0.407407 
0.338338 0.278278 0.383383 
0.338338 0.318318 0.343343 
0.338338 0.340340 0.321321 
0.338338 0.341341 0.320320 
0.338338 0.376376 0.285285 
0.338338 0.409409 0.252252 
0.338338 0.450450 0.211211 
0.339339 0.199199 0.461461 
0.339339 0.223223 0.437437 
0.339339 0.272272 0.388388 
0.339339 0.369369 0.291291 
0.339339 0.420420 0.240240 
0.340340 0.217217 0.442442 
0.340340 0.225225 0.434434 
0.340340 0.247247 0.412412 
0.340340 0.271271 0.388388 
0.340340 0.275275 0.384384 
0.340340 0.325325 0.334334 
0.341341 0.235235 0.423423 
0.341341 0.252252 0.406406 
0.341341 0.289289 0.369369 
0.341341 0.403403 0.255255 
0.341341 0.415415 0.243243 
0.341341 0.437437 0.221221 
0.342342 0.224224 0.433433 
0.342342 0.287287 0.370370 
0.342342 0.303303 0.354354 
0.342342 0.357357 0.300300 
0.342342 0.385385 0.272272 
0.343343 0.268268 0.388388 
0.343343 0.316316 0.340340 
0.343343 0.347347 0.309309 
0.343343 0.351351 0.305305 
0.343343 0.384384 0.272272 
0.343343 0.418418 0.238238 
0.343343 0.421421 0.235235 
0.344344 0.234234 0.421421 
0.344344 0.237237 0.418418 
0.344344 0.272272 0.383383 
0.344344 0.339339 0.316316 
0.344344 0.404404 0.251251 
0.345345 0.204204 0.450450 
0.345345 0.219219 0.435435 
0.345345 0.241241 0.413413 
0.345345 0.277277 0.377377 
0.345345 0.312312 0.342342 
0.345345 0.347347 0.307307 
0.345345 0.359359 0.295295 
0.345345 0.366366 0.288288 
0.345345 0.378378 0.276276 
0.345345 0.395395 0.259259 
0.345345 0.436436 0.218218 
0.346346 0.238238 0.415415 
0.346346 0.265265 0.388388 
0.346346 0.278278 0.375375 
0.346346 0.299299 0.354354 
0.346346 0.335335 0.318318 
0.346346 0.358358 0.295295 
0.346346 0.365365 0.288288 
0.346346 0.397397 0.256256 
0.347347 0.216216 0.436436 
0.347347 0.245245 0.407407 
0.347347 0.325325 0.327327 
0.347347 0.342342 0.310310 
0.347347 0.367367 0.285285 
0.347347 0.368368 0.284284 
0.347347 0.373373 0.279279 
0.348348 0.202202 0.449449 
0.348348 0.277277 0.374374 
0.348348 0.300300 0.351351 
0.348348 0.301301 0.350350 
0.348348 0.359359 0.292292 
0.348348 0.401401 0.250250 
0.348348 0.447447 0.204204 
0.349349 0.303303 0.347347 
0.349349 0.318318 0.332332 
0.349349 0.335335 0.315315 
0.349349 0.361361 0.289289 
0.349349 0.364364 0.286286 
0.349349 0.370370 0.280280 
0.349349 0.378378 0.272272 
0.349349 0.398398 0.252252 
0.349349 0.403403 0.247247 
0.349349 0.410410 0.240240 
0.350350 0.181181 0.468468 
0.350350 0.232232 0.417417 
0.350350 0.256256 0.393393 
0.350350 0.284284 0.365365 
0.350350 0.350350 0.299299 
0.350350 0.375375 0.274274 
0.350350 0.392392 0.257257 
0.350350 0.437437 0.212212 
0.351351 0.233233 0.415415 
0.351351 0.235235 0.413413 
0.351351 0.330330 0.318318 
0.351351 0.339339 0.309309 
0.351351 0.355355 0.293293 
0.351351 0.391391 0.257257 
0.351351 0.402402 0.246246 
0.351351 0.429429 0.219219 
0.352352 0.249249 0.398398 
0.352352 0.309309 0.338338 
0.352352 0.380380 0.267267 
0.352352 0.422422 0.225225 
0.353353 0.190190 0.456456 
0.353353 0.209209 0.437437 
0.353353 0.225225 0.421421 
0.353353 0.299299 0.347347 
0.353353 0.365365 0.281281 
0.353353 0.375375 0.271271 
0.353353 0.382382 0.264264 
0.353353 0.386386 0.260260 
0.353353 0.408408 0.238238 
0.353353 0.442442 0.204204 
0.353353 0.447447 0.199199 
0.353353 0.448448 0.198198 
0.353353 0.451451 0.195195 
0.354354 0.219219 0.426426 
0.354354 0.279279 0.366366 
0.354354 0.291291 0.354354 
0.354354 0.301301 0.344344 
0.354354 0.304304 0.341341 
0.354354 0.424424 0.221221 
0.355355 0.338338 0.306306 
0.355355 0.455455 0.189189 
0.356356 0.220220 0.423423 
0.356356 0.245245 0.398398 
0.356356 0.312312 0.331331 
0.356356 0.322322 0.321321 
0.356356 0.338338 0.305305 
0.356356 0.389389 0.254254 
0.356356 0.408408 0.235235 
0.356356 0.435435 0.208208 
0.357357 0.209209 0.433433 
0.357357 0.303303 0.339339 
0.357357 0.320320 0.322322 
0.357357 0.333333 0.309309 
0.357357 0.433433 0.209209 
0.358358 0.261261 0.380380 
0.358358 0.314314 0.327327 
0.358358 0.363363 0.278278 
0.358358 0.371371 0.270270 
0.358358 0.398398 0.243243 
0.358358 0.429429 0.212212 
0.359359 0.208208 0.432432 
0.359359 0.237237 0.403403 
0.359359 0.247247 0.393393 
0.359359 0.263263 0.377377 
0.359359 0.290290 0.350350 
0.359359 0.303303 0.337337 
0.359359 0.316316 0.324324 
0.359359 0.326326 0.314314 
0.359359 0.328328 0.312312 
0.359359 0.337337 0.303303 
0.359359 0.353353 0.287287 
0.359359 0.357357 0.283283 
0.359359 0.380380 0.260260 
0.359359 0.394394 0.246246 
0.359359 0.397397 0.243243 
0.359359 0.456456 0.184184 
0.360360 0.217217 0.422422 
0.360360 0.299299 0.340340 
0.360360 0.333333 0.306306 
0.360360 0.338338 0.301301 
0.360360 0.346346 0.293293 
0.360360 0.357357 0.282282 
0.360360 0.373373 0.266266 
0.360360 0.382382 0.257257 
0.360360 0.394394 0.245245 
0.360360 0.426426 0.213213 
0.361361 0.198198 0.440440 
0.361361 0.265265 0.373373 
0.361361 0.296296 0.342342 
0.361361 0.377377 0.261261 
0.361361 0.402402 0.236236 
0.361361 0.436436 0.202202 
0.362362 0.219219 0.418418 
0.362362 0.270270 0.367367 
0.362362 0.287287 0.350350 
0.362362 0.348348 0.289289 
0.362362 0.366366 0.271271 
0.362362 0.379379 0.258258 
0.362362 0.424424 0.213213 
0.362362 0.433433 0.204204 
0.363363 0.218218 0.418418 
0.363363 0.221221 0.415415 
0.363363 0.262262 0.374374 
0.363363 0.264264 0.372372 
0.363363 0.280280 0.356356 
0.363363 0.333333 0.303303 
0.363363 0.407407 0.229229 
0.364364 0.261261 0.374374 
0.364364 0.292292 0.343343 
0.364364 0.323323 0.312312 
0.364364 0.435435 0.200200 
0.364364 0.455455 0.180180 
0.365365 0.184184 0.450450 
0.365365 0.213213 0.421421 
0.365365 0.265265 0.369369 
0.365365 0.268268 0.366366 
0.365365 0.270270 0.364364 
0.365365 0.290290 0.344344 
0.365365 0.322322 0.312312 
0.365365 0.413413 0.221221 
0.366366 0.198198 0.435435 
0.366366 0.220220 0.413413 
0.366366 0.244244 0.389389 
0.366366 0.249249 0.384384 
0.366366 0.255255 0.378378 
0.366366 0.265265 0.368368 
0.366366 0.313313 0.320320 
0.366366 0.349349 0.284284 
0.366366 0.368368 0.265265 
0.366366 0.370370 0.263263 
0.367367 0.348348 0.284284 
0.367367 0.363363 0.269269 
0.367367 0.375375 0.257257 
0.367367 0.458458 0.174174 
0.368368 0.205205 0.426426 
0.368368 0.238238 0.393393 
0.368368 0.286286 0.345345 
0.368368 0.296296 0.335335 
0.368368 0.313313 0.318318 
0.368368 0.332332 0.299299 
0.368368 0.393393 0.238238 
0.368368 0.394394 0.237237 
0.369369 0.193193 0.437437 
0.369369 0.195195 0.435435 
0.369369 0.245245 0.385385 
0.369369 0.267267 0.363363 
0.369369 0.286286 0.344344 
0.369369 0.308308 0.322322 
0.369369 0.318318 0.312312 
0.369369 0.409409 0.221221 
0.369369 0.436436 0.194194 
0.370370 0.216216 0.413413 
0.370370 0.223223 0.406406 
0.370370 0.252252 0.377377 
0.370370 0.261261 0.368368 
0.370370 0.267267 0.362362 
0.370370 0.358358 0.271271 
0.370370 0.381381 0.248248 
0.370370 0.401401 0.228228 
0.370370 0.403403 0.226226 
0.371371 0.243243 0.385385 
0.371371 0.244244 0.384384 
0.371371 0.255255 0.373373 
0.371371 0.290290 0.338338 
0.371371 0.327327 0.301301 
0.371371 0.333333 0.295295 
0.371371 0.360360 0.268268 
0.371371 0.382382 0.246246 
0.371371 0.386386 0.242242 
0.372372 0.200200 0.427427 
0.372372 0.244244 0.383383 
0.372372 0.267267 0.360360 
0.372372 0.270270 0.357357 
0.372372 0.329329 0.298298 
0.372372 0.334334 0.293293 
0.372372 0.356356 0.271271 
0.372372 0.365365 0.262262 
0.372372 0.413413 0.214214 
0.372372 0.421421 0.206206 
0.372372 0.425425 0.202202 
0.372372 0.442442 0.185185 
0.373373 0.189189 0.437437 
0.373373 0.247247 0.379379 
0.373373 0.261261 0.365365 
0.373373 0.289289 0.337337 
0.373373 0.319319 0.307307 
0.373373 0.340340 0.286286 
0.373373 0.381381 0.245245 
0.373373 0.391391 0.235235 
0.373373 0.393393 0.233233 
0.374374 0.206206 0.419419 
0.374374 0.222222 0.403403 
0.374374 0.238238 0.387387 
0.374374 0.252252 0.373373 
0.374374 0.335335 0.290290 
0.374374 0.344344 0.281281 
0.374374 0.461461 0.164164 
0.375375 0.161161 0.463463 
0.375375 0.216216 0.408408 
0.375375 0.243243 0.381381 
0.375375 0.260260 0.364364 
0.375375 0.275275 0.349349 
0.375375 0.296296 0.328328 
0.375375 0.335335 0.289289 
0.375375 0.345345 0.279279 
0.375375 0.362362 0.262262 
0.375375 0.405405 0.219219 
0.375375 0.407407 0.217217 
0.376376 0.231231 0.392392 
0.376376 0.317317 0.306306 
0.376376 0.354354 0.269269 
0.376376 0.357357 0.266266 
0.376376 0.359359 0.264264 
0.376376 0.393393 0.230230 
0.376376 0.414414 0.209209 
0.377377 0.201201 0.421421 
0.377377 0.318318 0.304304 
0.377377 0.331331 0.291291 
0.377377 0.335335 0.287287 
0.378378 0.228228 0.393393 
0.378378 0.237237 0.384384 
0.378378 0.280280 0.341341 
0.378378 0.295295 0.326326 
0.378378 0.343343 0.278278 
0.378378 0.352352 0.269269 
0.378378 0.358358 0.263263 
0.378378 0.381381 0.240240 
0.379379 0.241241 0.379379 
0.379379 0.252252 0.368368 
0.379379 0.267267 0.353353 
0.379379 0.311311 0.309309 
0.379379 0.351351 0.269269 
0.379379 0.389389 0.231231 
0.379379 0.421421 0.199199 
0.380380 0.179179 0.440440 
0.380380 0.188188 0.431431 
0.380380 0.205205 0.414414 
0.380380 0.216216 0.403403 
0.380380 0.270270 0.349349 
0.380380 0.280280 0.339339 
0.380380 0.289289 0.330330 
0.380380 0.371371 0.248248 
0.380380 0.406406 0.213213 
0.380380 0.413413 0.206206 
0.381381 0.182182 0.436436 
0.381381 0.201201 0.417417 
0.381381 0.209209 0.409409 
0.381381 0.225225 0.393393 
0.381381 0.252252 0.366366 
0.381381 0.281281 0.337337 
0.381381 0.311311 0.307307 
0.381381 0.314314 0.304304 
0.381381 0.337337 0.281281 
0.381381 0.396396 0.222222 
0.381381 0.424424 0.194194 
0.382382 0.239239 0.378378 
0.382382 0.261261 0.356356 
0.382382 0.264264 0.353353 
0.382382 0.271271 0.346346 
0.382382 0.278278 0.339339 
0.382382 0.316316 0.301301 
0.382382 0.320320 0.297297 
0.382382 0.322322 0.295295 
0.382382 0.372372 0.245245 
0.382382 0.394394 0.223223 
0.383383 0.270270 0.346346 
0.383383 0.301301 0.315315 
0.383383 0.332332 0.284284 
0.383383 0.350350 0.266266 
0.384384 0.194194 0.421421 
0.384384 0.234234 0.381381 
0.384384 0.362362 0.253253 
0.384384 0.411411 0.204204 
0.385385 0.187187 0.427427 
0.385385 0.188188 0.426426 
0.385385 0.201201 0.413413 
0.385385 0.255255 0.359359 
0.385385 0.271271 0.343343 
0.385385 0.280280 0.334334 
0.385385 0.303303 0.311311 
0.385385 0.309309 0.305305 
0.385385 0.315315 0.299299 
0.385385 0.339339 0.275275 
0.386386 0.189189 0.424424 
0.386386 0.195195 0.418418 
0.386386 0.241241 0.372372 
0.386386 0.256256 0.357357 
0.386386 0.301301 0.312312 
0.386386 0.307307 0.306306 
0.386386 0.346346 0.267267 
0.386386 0.368368 0.245245 
0.386386 0.444444 0.169169 
0.387387 0.175175 0.437437 
0.387387 0.362362 0.250250 
0.387387 0.439439 0.173173 
0.388388 0.225225 0.386386 
0.388388 0.234234 0.377377 
0.388388 0.282282 0.329329 
0.388388 0.294294 0.317317 
0.388388 0.318318 0.293293 
0.388388 0.337337 0.274274 
0.388388 0.389389 0.222222 
0.389389 0.178178 0.432432 
0.389389 0.215215 0.395395 
0.389389 0.217217 0.393393 
0.389389 0.220220 0.390390 
0.389389 0.291291 0.319319 
0.389389 0.342342 0.268268 
0.389389 0.368368 0.242242 
0.389389 0.373373 0.237237 
0.389389 0.376376 0.234234 
0.389389 0.392392 0.218218 
0.390390 0.190190 0.419419 
0.390390 0.239239 0.370370 
0.390390 0.317317 0.292292 
0.390390 0.323323 0.286286 
0.390390 0.331331 0.278278 
0.390390 0.334334 0.275275 
0.390390 0.379379 0.230230 
0.390390 0.382382 0.227227 
0.390390 0.402402 0.207207 
0.391391 0.248248 0.360360 
0.391391 0.257257 0.351351 
0.391391 0.330330 0.278278 
0.391391 0.361361 0.247247 
0.391391 0.387387 0.221221 
0.392392 0.178178 0.429429 
0.392392 0.194194 0.413413 
0.392392 0.206206 0.401401 
0.392392 0.224224 0.383383 
0.392392 0.245245 0.362362 
0.392392 0.313313 0.294294 
0.392392 0.348348 0.259259 
0.392392 0.361361 0.246246 
0.392392 0.363363 0.244244 
0.392392 0.418418 0.189189 
0.393393 0.255255 0.351351 
0.393393 0.280280 0.326326 
0.393393 0.282282 0.324324 
0.393393 0.285285 0.321321 
0.393393 0.288288 0.318318 
0.393393 0.300300 0.306306 
0.393393 0.319319 0.287287 
0.393393 0.322322 0.284284 
0.393393 0.369369 0.237237 
0.394394 0.225225 0.380380 
0.394394 0.297297 0.308308 
0.394394 0.332332 0.273273 
0.394394 0.341341 0.264264 
0.394394 0.397397 0.208208 
0.395395 0.188188 0.416416 
0.395395 0.296296 0.308308 
0.395395 0.325325 0.279279 
0.396396 0.190190 0.413413 
0.396396 0.199199 0.404404 
0.396396 0.205205 0.398398 
0.396396 0.211211 0.392392 
0.396396 0.214214 0.389389 
0.396396 0.242242 0.361361 
0.396396 0.274274 0.329329 
0.396396 0.315315 0.288288 
0.396396 0.322322 0.281281 
0.396396 0.443443 0.160160 
0.397397 0.172172 0.430430 
0.397397 0.199199 0.403403 
0.397397 0.210210 0.392392 
0.397397 0.255255 0.347347 
0.397397 0.364364 0.238238 
0.397397 0.379379 0.223223 
0.397397 0.398398 0.204204 
0.398398 0.274274 0.327327 
0.398398 0.324324 0.277277 
0.398398 0.360360 0.241241 
0.399399 0.182182 0.418418 
0.399399 0.209209 0.391391 
0.399399 0.226226 0.374374 
0.399399 0.233233 0.367367 
0.399399 0.263263 0.337337 
0.399399 0.271271 0.329329 
0.399399 0.305305 0.295295 
0.399399 0.332332 0.268268 
0.399399 0.367367 0.233233 
0.399399 0.386386 0.214214 
0.399399 0.391391 0.209209 
0.400400 0.189189 0.410410 
0.400400 0.261261 0.338338 
0.400400 0.275275 0.324324 
0.401401 0.183183 0.415415 
0.401401 0.216216 0.382382 
0.401401 0.249249 0.349349 
0.401401 0.283283 0.315315 
0.401401 0.285285 0.313313 
0.401401 0.293293 0.305305 
0.401401 0.300300 0.298298 
0.401401 0.330330 0.268268 
0.401401 0.357357 0.241241 
0.401401 0.375375 0.223223 
0.401401 0.377377 0.221221 
0.401401 0.438438 0.160160 
0.402402 0.190190 0.407407 
0.402402 0.203203 0.394394 
0.402402 0.235235 0.362362 
0.402402 0.303303 0.294294 
0.402402 0.309309 0.288288 
0.402402 0.317317 0.280280 
0.402402 0.345345 0.252252 
0.402402 0.384384 0.213213 
0.402402 0.419419 0.178178 
0.403403 0.215215 0.381381 
0.403403 0.271271 0.325325 
0.403403 0.282282 0.314314 
0.403403 0.303303 0.293293 
0.403403 0.332332 0.264264 
0.403403 0.390390 0.206206 
0.403403 0.408408 0.188188 
0.404404 0.207207 0.388388 
0.404404 0.301301 0.294294 
0.404404 0.391391 0.204204 
0.404404 0.393393 0.202202 
0.404404 0.416416 0.179179 
0.405405 0.194194 0.400400 
0.405405 0.222222 0.372372 
0.405405 0.235235 0.359359 
