0.521116 0.356588 0.122296 
0.483417 0.267425 0.249159 
0.356751 0.254834 0.388415 
0.543199 0.333174 0.123627 
0.641186 0.206121 0.152693 
0.706315 0.251494 0.042191 
0.258001 0.365194 0.376805 
0.527678 0.286700 0.185622 
0.093701 0.445930 0.460369 
0.107942 0.690215 0.201844 
0.112762 0.627924 0.259314 
0.681849 0.237784 0.080367 
0.317796 0.663044 0.019160 
0.282162 0.044719 0.673119 
0.376416 0.584118 0.039466 
0.338942 0.641754 0.019304 
0.791505 0.062139 0.146356 
0.400832 0.595641 0.003528 
0.430409 0.493351 0.076240 
0.722595 0.020901 0.256504 
0.507364 0.223749 0.268887 
0.136899 0.702044 0.161057 
0.368548 0.368456 0.262995 
0.046844 0.566249 0.386907 
0.270487 0.553715 0.175799 
0.158594 0.455925 0.385481 
0.224685 0.651894 0.123422 
0.355143 0.642594 0.002263 
0.280739 0.542078 0.177182 
0.289229 0.618786 0.091985 
0.264400 0.600326 0.135274 
0.678622 0.028344 0.293034 
0.613057 0.323728 0.063215 
0.709167 0.175981 0.114852 
0.236392 0.675591 0.088017 
0.271087 0.672782 0.056131 
0.484550 0.470701 0.044749 
0.461389 0.263268 0.275343 
0.622168 0.262463 0.115368 
0.351456 0.540888 0.107656 
0.265826 0.702516 0.031658 
0.102156 0.402093 0.495751 
0.095165 0.763606 0.141229 
0.484023 0.296671 0.219305 
0.011709 0.953636 0.034655 
0.512206 0.475050 0.012744 
0.136494 0.615559 0.247948 
0.298499 0.540677 0.160824 
0.479042 0.140253 0.380705 
0.761308 0.081517 0.157174 
0.067422 0.721038 0.211540 
0.165088 0.288764 0.546147 
0.393655 0.213761 0.392585 
0.617600 0.307688 0.074712 
0.425746 0.381954 0.192299 
0.561842 0.223492 0.214666 
0.656753 0.192268 0.150979 
0.276140 0.607221 0.116639 
0.480922 0.473716 0.045362 
0.041195 0.760517 0.198288 
0.491003 0.458146 0.050851 
0.511295 0.199700 0.289005 
0.626837 0.117103 0.256061 
0.569930 0.295845 0.134225 
0.485534 0.442091 0.072375 
0.092218 0.715990 0.191791 
0.205055 0.438107 0.356838 
0.603745 0.019020 0.377236 
0.479350 0.293825 0.226825 
0.106996 0.513451 0.379552 
0.200417 0.107441 0.692141 
0.584882 0.286782 0.128336 
0.330505 0.656496 0.013000 
0.810135 0.041224 0.148640 
0.267090 0.547416 0.185494 
0.164455 0.349474 0.486071 
0.644033 0.193931 0.162036 
0.319591 0.423220 0.257189 
0.764349 0.098390 0.137261 
0.284398 0.516801 0.198800 
0.827588 0.097166 0.075246 
0.775885 0.113043 0.111072 
0.380101 0.497690 0.122209 
0.649622 0.127349 0.223029 
0.618663 0.356832 0.024505 
0.639286 0.137738 0.222976 
0.093774 0.379807 0.526420 
0.606715 0.245653 0.147632 
0.473764 0.370203 0.156032 
0.611060 0.260158 0.128782 
0.644525 0.285320 0.070155 
0.203943 0.793819 0.002238 
0.093828 0.821893 0.084279 
0.691070 0.185866 0.123065 
0.133239 0.558666 0.308095 
0.271593 0.679210 0.049197 
0.171712 0.817317 0.010972 
0.192544 0.468452 0.339004 
0.169819 0.734924 0.095257 
0.843701 0.137951 0.018348 
0.384774 0.598040 0.017185 
0.479717 0.310186 0.210096 
0.240482 0.698449 0.061069 
0.313301 0.478366 0.208333 
0.565446 0.163370 0.271183 
0.229560 0.683492 0.086948 
0.128912 0.569024 0.302064 
0.599792 0.369607 0.030601 
0.807347 0.150356 0.042297 
0.030702 0.596219 0.373080 
0.969811 0.013226 0.016963 
0.540110 0.355570 0.104321 
0.142175 0.711368 0.146456 
0.259848 0.416737 0.323415 
0.342309 0.211345 0.446346 
0.167915 0.717084 0.115001 
0.298850 0.697508 0.003642 
0.233317 0.016249 0.750433 
0.330987 0.214784 0.454230 
0.626548 0.171506 0.201947 
0.240535 0.514039 0.245425 
0.777973 0.025680 0.196346 
0.262646 0.328380 0.408975 
0.654951 0.285907 0.059143 
0.625202 0.335366 0.039432 
0.449718 0.411846 0.138435 
0.238043 0.437449 0.324507 
0.722304 0.097601 0.180095 
0.147477 0.714587 0.137936 
0.443995 0.446621 0.109384 
0.337767 0.378662 0.283572 
0.581050 0.315461 0.103489 
0.100224 0.177228 0.722548 
0.173491 0.402538 0.423970 
0.497073 0.497596 0.005331 
0.258090 0.531620 0.210290 
0.324901 0.608291 0.066808 
0.501214 0.260189 0.238597 
0.412442 0.394471 0.193087 
0.729639 0.197882 0.072479 
0.753701 0.225434 0.020865 
0.637004 0.130326 0.232669 
0.520157 0.249077 0.230766 
0.639707 0.258139 0.102154 
0.285269 0.701652 0.013079 
0.166912 0.703297 0.129791 
0.162403 0.552173 0.285425 
0.093871 0.685328 0.220801 
0.532611 0.066104 0.401285 
0.718892 0.119363 0.161745 
0.574937 0.113964 0.311099 
0.314746 0.156897 0.528357 
0.069008 0.853676 0.077315 
0.573270 0.013215 0.413514 
0.713336 0.202767 0.083897 
0.180948 0.693460 0.125592 
0.814353 0.153731 0.031917 
0.296921 0.592146 0.110933 
0.721311 0.069012 0.209677 
0.400760 0.555119 0.044121 
0.078562 0.682863 0.238575 
0.396937 0.527858 0.075205 
0.677234 0.306910 0.015856 
0.120592 0.589657 0.289751 
0.478149 0.391544 0.130307 
0.631264 0.228046 0.140689 
0.734217 0.122457 0.143326 
0.373722 0.219836 0.406442 
0.440760 0.468999 0.090241 
0.524811 0.100773 0.374416 
0.295068 0.276767 0.428164 
0.447497 0.512439 0.040064 
0.859277 0.126343 0.014380 
0.491051 0.426670 0.082279 
0.417714 0.047686 0.534600 
0.316536 0.384627 0.298836 
0.377557 0.189468 0.432974 
0.066435 0.297176 0.636389 
0.280667 0.189318 0.530015 
0.858756 0.089651 0.051593 
0.238975 0.396868 0.364157 
0.128859 0.678204 0.192938 
0.258756 0.464693 0.276551 
0.302955 0.007768 0.689277 
0.126569 0.671193 0.202238 
0.003313 0.687751 0.308936 
0.573155 0.117826 0.309019 
0.109953 0.345927 0.544120 
0.076194 0.782023 0.141782 
0.346744 0.615258 0.037999 
0.344748 0.530425 0.124828 
0.375707 0.272440 0.351852 
0.310136 0.622006 0.067858 
0.236751 0.411803 0.351446 
0.098192 0.546148 0.355660 
0.223812 0.676757 0.099431 
0.359120 0.516208 0.124672 
0.005969 0.430720 0.563311 
0.319417 0.497114 0.183469 
0.385446 0.261721 0.352833 
0.353017 0.375207 0.271776 
0.093665 0.775639 0.130696 
0.156751 0.439761 0.403488 
0.558312 0.437466 0.004221 
0.436417 0.264304 0.299279 
0.291027 0.701947 0.007026 
0.060154 0.388922 0.550924 
0.179195 0.690755 0.130050 
0.161742 0.794355 0.043903 
0.235559 0.644054 0.120387 
0.368788 0.620858 0.010354 
0.487563 0.460852 0.051584 
0.844646 0.148161 0.007193 
0.785282 0.187365 0.027353 
0.466325 0.505666 0.028009 
0.296549 0.502084 0.201368 
0.423142 0.575582 0.001276 
0.771750 0.076786 0.151464 
0.236852 0.609728 0.153420 
0.126112 0.604124 0.269764 
0.445892 0.471723 0.082385 
0.141471 0.813263 0.045266 
0.354699 0.533386 0.111916 
0.569334 0.291325 0.139341 
0.173858 0.511559 0.314583 
0.174270 0.696336 0.129394 
0.212709 0.699130 0.088162 
0.151971 0.449313 0.398716 
0.784591 0.152379 0.063030 
0.055460 0.707190 0.237351 
0.639661 0.267543 0.092796 
0.248586 0.296048 0.455367 
0.343834 0.427452 0.228713 
0.701506 0.200391 0.098103 
0.354200 0.342572 0.303228 
0.463500 0.179529 0.356971 
0.584733 0.035644 0.379623 
0.712910 0.123932 0.163157 
0.561292 0.203353 0.235355 
0.569644 0.306540 0.123816 
0.767601 0.152701 0.079698 
0.026865 0.811821 0.161313 
0.242118 0.618039 0.139843 
0.363470 0.624218 0.012311 
0.115593 0.632099 0.252308 
0.127818 0.833232 0.038949 
0.641838 0.337937 0.020226 
0.511044 0.485194 0.003762 
0.137999 0.411956 0.450045 
0.791517 0.168748 0.039735 
0.745437 0.252613 0.001950 
0.818448 0.106208 0.075344 
0.441094 0.374622 0.184284 
0.600693 0.384886 0.014421 
0.322270 0.013435 0.664295 
0.215545 0.498784 0.285671 
0.084488 0.496246 0.419266 
0.071950 0.808494 0.119556 
0.468446 0.325057 0.206497 
0.086712 0.442455 0.470832 
0.345208 0.206892 0.447900 
0.481589 0.366036 0.152375 
0.420942 0.234410 0.344648 
0.316899 0.541257 0.141844 
0.322526 0.359147 0.318327 
0.601993 0.345109 0.052898 
0.470599 0.391031 0.138370 
0.794386 0.145955 0.059660 
0.584594 0.168958 0.246448 
0.589971 0.395528 0.014501 
0.003482 0.537628 0.458890 
0.600380 0.342600 0.057020 
0.031383 0.677586 0.291031 
0.039905 0.594195 0.365900 
0.594766 0.379617 0.025617 
0.211097 0.712045 0.076858 
0.161618 0.354421 0.483961 
0.858070 0.129419 0.012511 
0.095698 0.896918 0.007384 
0.084538 0.382174 0.533288 
0.604277 0.392116 0.003607 
0.638555 0.227583 0.133862 
0.284771 0.497166 0.218063 
0.465634 0.251928 0.282439 
0.925328 0.061588 0.013084 
0.638141 0.230483 0.131376 
0.325677 0.438966 0.235357 
0.536891 0.390934 0.072175 
0.729611 0.209530 0.060859 
0.306966 0.635729 0.057305 
0.332015 0.621360 0.046624 
0.418101 0.490458 0.091442 
0.341900 0.307252 0.350847 
0.191809 0.262914 0.545277 
0.018961 0.946259 0.034780 
0.377188 0.314153 0.308659 
0.080443 0.741831 0.177726 
0.373264 0.153204 0.473532 
0.438157 0.483295 0.078547 
0.273725 0.541465 0.184809 
0.289911 0.570000 0.140089 
0.726732 0.175459 0.097809 
0.370467 0.556719 0.072814 
0.210338 0.556563 0.233098 
0.261293 0.194889 0.543818 
0.704317 0.290485 0.005197 
0.498578 0.142115 0.359307 
0.528119 0.392962 0.078919 
0.250150 0.334956 0.414895 
0.565843 0.281010 0.153147 
0.275981 0.348330 0.375689 
0.401814 0.251231 0.346955 
0.193393 0.616582 0.190025 
0.473854 0.308504 0.217642 
0.481997 0.430396 0.087607 
0.371346 0.446847 0.181807 
0.722661 0.151688 0.125651 
0.287639 0.706874 0.005487 
0.433333 0.510859 0.055807 
0.804331 0.026101 0.169568 
0.639469 0.320744 0.039787 
0.622887 0.335772 0.041341 
0.314241 0.337486 0.348274 
0.676913 0.134351 0.188737 
0.160214 0.330740 0.509046 
0.848365 0.017476 0.134159 
0.369424 0.445299 0.185277 
0.045434 0.693757 0.260809 
0.540625 0.436275 0.023100 
0.514946 0.416645 0.068409 
0.137004 0.802236 0.060761 
0.378305 0.414359 0.207335 
0.367950 0.628124 0.003926 
0.796024 0.165071 0.038905 
0.310050 0.510959 0.178991 
0.342504 0.163662 0.493834 
0.274329 0.701551 0.024120 
0.342914 0.581609 0.075477 
0.657301 0.233398 0.109301 
0.397807 0.120200 0.481993 
0.446321 0.030521 0.523158 
0.636010 0.285230 0.078759 
0.080694 0.854435 0.064872 
0.342943 0.543011 0.114046 
0.726433 0.024149 0.249418 
0.541143 0.185871 0.272986 
0.128588 0.779659 0.091753 
0.227801 0.679074 0.093124 
0.243877 0.501837 0.254287 
0.145633 0.190063 0.664304 
0.248381 0.411540 0.340079 
0.018456 0.955718 0.025826 
0.538471 0.115096 0.346433 
0.329975 0.298571 0.371455 
0.514728 0.274225 0.211047 
0.226195 0.678271 0.095534 
0.418368 0.431926 0.149706 
0.292203 0.677199 0.030597 
0.197535 0.195647 0.606818 
0.604385 0.320758 0.074857 
0.792001 0.015505 0.192494 
0.056758 0.861366 0.081876 
0.548890 0.092070 0.359039 
0.223431 0.273736 0.502833 
0.382238 0.577174 0.040588 
0.214916 0.619886 0.165198 
0.336830 0.162190 0.500980 
0.254826 0.698213 0.046961 
0.381144 0.487583 0.131273 
0.396209 0.467765 0.136026 
0.631621 0.126323 0.242057 
0.351880 0.605826 0.042295 
0.421678 0.540764 0.037558 
0.476490 0.372703 0.150808 
0.868419 0.059946 0.071635 
0.339967 0.572809 0.087224 
0.520564 0.447638 0.031798 
0.810584 0.173416 0.016001 
0.518497 0.387122 0.094381 
0.492928 0.335418 0.171654 
0.182036 0.754959 0.063005 
0.233162 0.542134 0.224705 
0.544165 0.439853 0.015982 
0.559775 0.317284 0.122941 
0.114677 0.796950 0.088373 
0.520311 0.414398 0.065291 
0.190102 0.685537 0.124361 
0.702706 0.261733 0.035561 
0.491240 0.454050 0.054710 
0.125939 0.440113 0.433948 
0.072878 0.647721 0.279401 
0.598394 0.364111 0.037495 
0.120036 0.438791 0.441173 
0.741721 0.041553 0.216726 
0.282683 0.598265 0.119052 
0.300929 0.593877 0.105194 
0.188658 0.580231 0.231111 
0.162828 0.468509 0.368663 
0.404184 0.295560 0.300256 
0.348245 0.559597 0.092157 
0.389381 0.440961 0.169658 
0.012854 0.852102 0.135044 
0.470333 0.085791 0.443875 
0.735551 0.164156 0.100292 
0.487443 0.144281 0.368275 
0.065786 0.713076 0.221138 
0.597863 0.373289 0.028848 
0.576791 0.419335 0.003874 
0.430685 0.552876 0.016439 
0.428734 0.506548 0.064718 
0.658516 0.052292 0.289192 
0.446682 0.504019 0.049299 
0.764647 0.123203 0.112151 
0.833937 0.077153 0.088910 
0.292289 0.614315 0.093397 
0.483209 0.469706 0.047085 
0.677187 0.268657 0.054155 
0.728666 0.002513 0.268821 
0.059754 0.170300 0.769946 
0.024802 0.443186 0.532012 
0.200783 0.767092 0.032125 
0.645762 0.325792 0.028446 
0.347055 0.174577 0.478367 
0.793709 0.009511 0.196779 
0.237558 0.724064 0.038378 
0.357196 0.298204 0.344599 
0.398822 0.182786 0.418392 
0.170690 0.448404 0.380906 
0.650449 0.316564 0.032987 
0.907472 0.048571 0.043957 
0.339822 0.651523 0.008655 
0.624505 0.369670 0.005825 
0.154913 0.507055 0.338032 
0.165334 0.657881 0.176786 
0.575687 0.352642 0.071672 
0.215503 0.193950 0.590547 
0.452725 0.408953 0.138322 
0.559406 0.381283 0.059311 
0.608045 0.053775 0.338180 
0.195243 0.594520 0.210237 
0.255251 0.480689 0.264061 
0.404308 0.295452 0.300240 
0.172717 0.471589 0.355694 
0.093718 0.822533 0.083749 
0.135729 0.238010 0.626261 
0.523402 0.317992 0.158605 
0.696093 0.129260 0.174647 
0.484914 0.452226 0.062860 
0.660045 0.076969 0.262986 
0.081821 0.742767 0.175413 
0.585377 0.240927 0.173696 
0.581269 0.117356 0.301375 
0.768324 0.108811 0.122866 
0.521672 0.426032 0.052296 
0.787425 0.180701 0.031873 
0.211589 0.312449 0.475962 
0.823348 0.174383 0.002269 
0.459594 0.365663 0.174743 
0.581830 0.156127 0.262043 
0.790954 0.193062 0.015984 
0.336447 0.549527 0.114026 
0.476129 0.262573 0.261298 
0.619057 0.277351 0.103591 
0.619861 0.277729 0.102410 
0.415693 0.547032 0.037275 
0.266655 0.104391 0.628954 
0.109867 0.592051 0.298081 
0.301014 0.421081 0.277905 
0.074924 0.595357 0.329719 
0.616627 0.138062 0.245311 
0.621223 0.115958 0.262819 
0.069303 0.794420 0.136277 
0.597375 0.301343 0.101283 
0.177530 0.657061 0.165409 
0.432376 0.281272 0.286352 
0.318858 0.673694 0.007448 
0.406888 0.583157 0.009955 
0.462546 0.436395 0.101060 
0.300574 0.407238 0.292188 
0.694823 0.259621 0.045556 
0.534886 0.246659 0.218455 
0.059300 0.417199 0.523501 
0.341610 0.255520 0.402871 
0.019405 0.249696 0.730899 
0.062326 0.521553 0.416121 
0.586948 0.282361 0.130691 
0.706004 0.012330 0.281665 
0.690225 0.256900 0.052875 
0.621993 0.299890 0.078117 
0.323344 0.643191 0.033464 
0.625884 0.313906 0.060210 
0.530489 0.467815 0.001695 
0.232913 0.708753 0.058334 
0.321232 0.607248 0.071520 
0.685805 0.150458 0.163737 
0.641004 0.031741 0.327255 
0.328936 0.669990 0.001074 
0.474311 0.043162 0.482527 
0.470834 0.505752 0.023414 
0.139365 0.582783 0.277852 
0.633263 0.207922 0.158815 
0.288187 0.589361 0.122452 
0.541347 0.342633 0.116020 
0.746130 0.101355 0.152515 
0.174929 0.129913 0.695158 
0.423257 0.066090 0.510653 
0.492909 0.271102 0.235990 
0.480678 0.334737 0.184585 
0.202747 0.567632 0.229621 
0.470318 0.174273 0.355409 
0.425779 0.290387 0.283835 
0.145711 0.683666 0.170622 
0.641050 0.082112 0.276837 
0.695269 0.251435 0.053296 
0.525009 0.102681 0.372311 
0.328615 0.647501 0.023884 
0.637411 0.156037 0.206552 
0.335312 0.535666 0.129022 
0.642002 0.088821 0.269177 
0.180256 0.500584 0.319160 
0.611278 0.284498 0.104224 
0.807528 0.188619 0.003853 
0.071198 0.926257 0.002545 
0.341753 0.479825 0.178422 
0.671515 0.040660 0.287824 
0.185255 0.258887 0.555858 
0.263241 0.725209 0.011550 
0.197439 0.660223 0.142338 
0.426930 0.482087 0.090983 
0.226958 0.426615 0.346427 
0.510709 0.363683 0.125608 
0.451764 0.543383 0.004852 
0.331452 0.456942 0.211606 
0.332314 0.515308 0.152378 
0.646972 0.234724 0.118303 
0.438248 0.340769 0.220983 
0.266647 0.644916 0.088437 
0.243246 0.742094 0.014660 
0.479482 0.258204 0.262314 
0.508237 0.312279 0.179484 
0.560945 0.328938 0.110117 
0.224059 0.636500 0.139442 
0.853803 0.083009 0.063187 
0.600146 0.385800 0.014054 
0.464740 0.458456 0.076804 
0.699311 0.209124 0.091565 
0.126927 0.502781 0.370291 
0.218203 0.241559 0.540237 
0.358616 0.406179 0.235204 
0.492364 0.404543 0.103093 
0.515934 0.356333 0.127733 
0.626330 0.337184 0.036486 
0.442837 0.337911 0.219251 
0.297839 0.547484 0.154677 
0.449698 0.515950 0.034353 
0.847499 0.058616 0.093885 
0.252538 0.736876 0.010586 
0.366465 0.550507 0.083027 
0.660176 0.173727 0.166097 
0.433332 0.532431 0.034237 
0.393821 0.194227 0.411952 
0.250850 0.577806 0.171344 
0.803782 0.123574 0.072644 
0.490247 0.124495 0.385258 
0.847467 0.093697 0.058836 
0.339481 0.556734 0.103785 
0.246148 0.407794 0.346058 
0.315993 0.556692 0.127315 
0.588349 0.278346 0.133305 
0.245237 0.630020 0.124743 
0.261791 0.511842 0.226367 
0.271442 0.547899 0.180660 
0.121568 0.289261 0.589171 
0.099873 0.652095 0.248031 
0.111818 0.183592 0.704590 
0.542417 0.161935 0.295647 
0.127638 0.492670 0.379692 
0.331577 0.421774 0.246649 
0.273472 0.650210 0.076318 
0.846407 0.065559 0.088033 
0.473796 0.237460 0.288744 
0.244426 0.245916 0.509658 
0.039960 0.867186 0.092855 
0.754667 0.186694 0.058639 
0.442457 0.456425 0.101117 
0.775184 0.144264 0.080552 
0.323966 0.337085 0.338949 
0.427343 0.524269 0.048388 
0.543887 0.455311 0.000803 
0.487232 0.374428 0.138340 
0.316035 0.553963 0.130002 
0.078926 0.672553 0.248521 
0.241211 0.707854 0.050935 
0.359511 0.499265 0.141225 
0.253906 0.409529 0.336565 
0.470426 0.055571 0.474003 
0.340395 0.515032 0.144574 
0.203294 0.711728 0.084979 
0.138240 0.831016 0.030745 
0.250421 0.647912 0.101667 
0.747366 0.153659 0.098975 
0.183728 0.756252 0.060020 
0.511716 0.411011 0.077273 
0.510521 0.056849 0.432630 
0.205150 0.700412 0.094438 
0.774575 0.064381 0.161044 
0.514473 0.193660 0.291868 
0.641577 0.282057 0.076367 
0.395732 0.532501 0.071767 
0.689174 0.058733 0.252093 
0.049387 0.806711 0.143903 
0.637668 0.006998 0.355334 
0.642538 0.293468 0.063995 
0.236552 0.550922 0.212526 
0.097148 0.864508 0.038344 
0.505855 0.374249 0.119896 
0.522294 0.270853 0.206852 
0.318805 0.585472 0.095723 
0.390729 0.508512 0.100758 
0.482882 0.331629 0.185488 
0.075758 0.247442 0.676801 
0.736401 0.248346 0.015253 
0.095037 0.604381 0.300582 
0.752025 0.239226 0.008749 
0.085699 0.673002 0.241299 
0.751148 0.222073 0.026779 
0.321763 0.430725 0.247511 
0.334400 0.348252 0.317348 
0.329550 0.638214 0.032236 
0.504790 0.468830 0.026381 
0.199663 0.362166 0.438170 
0.340549 0.199099 0.460352 
0.781619 0.162690 0.055691 
0.088735 0.821066 0.090199 
0.511227 0.380475 0.108298 
0.334436 0.304657 0.360907 
0.490725 0.290144 0.219131 
0.213942 0.360954 0.425104 
0.402255 0.281721 0.316024 
0.302083 0.518861 0.179056 
0.348438 0.621030 0.030531 
0.378436 0.421466 0.200097 
0.156858 0.378658 0.464484 
0.872464 0.099326 0.028210 
0.707493 0.032271 0.260236 
0.579049 0.342618 0.078333 
0.339533 0.616582 0.043885 
0.575189 0.369408 0.055403 
0.170018 0.402899 0.427084 
0.379372 0.315652 0.304976 
0.362088 0.408638 0.229274 
0.375733 0.310194 0.314073 
0.810449 0.096980 0.092571 
0.258754 0.714578 0.026669 
0.467695 0.493558 0.038746 
0.419864 0.328739 0.251397 
0.601677 0.266937 0.131386 
0.117412 0.563656 0.318932 
0.001287 0.744857 0.253856 
0.029078 0.885503 0.085419 
0.238584 0.390163 0.371253 
0.225206 0.685371 0.089423 
0.339788 0.348060 0.312152 
0.263035 0.516245 0.220719 
0.618448 0.354341 0.027210 
0.550839 0.432791 0.016370 
0.819032 0.015373 0.165595 
0.319545 0.309389 0.371067 
0.383893 0.196911 0.419196 
0.045427 0.704175 0.250397 
0.169222 0.400497 0.430281 
0.391053 0.449377 0.159570 
0.815038 0.029996 0.154965 
0.494479 0.438830 0.066691 
0.251185 0.719329 0.029486 
0.379830 0.513290 0.106880 
0.498018 0.459551 0.042431 
0.423351 0.223110 0.353539 
0.810471 0.123694 0.065835 
0.513614 0.421688 0.064698 
0.420763 0.521861 0.057376 
0.206766 0.577803 0.215430 
0.405983 0.313705 0.280313 
0.330704 0.669024 0.000272 
0.257616 0.601910 0.140474 
0.573827 0.404060 0.022112 
0.283399 0.405476 0.311125 
0.226883 0.034953 0.738164 
0.587507 0.266254 0.146239 
0.259184 0.674761 0.066055 
0.121280 0.362225 0.516495 
0.305219 0.609919 0.084861 
0.356412 0.620704 0.022884 
0.091330 0.542521 0.366149 
0.356860 0.515379 0.127761 
0.837812 0.104589 0.057599 
0.180247 0.500324 0.319429 
0.455184 0.293829 0.250987 
0.349861 0.115222 0.534918 
0.341530 0.642735 0.015736 
0.230301 0.678922 0.090776 
0.283063 0.264830 0.452107 
0.527719 0.199114 0.273167 
0.378047 0.580840 0.041113 
0.050356 0.710495 0.239149 
0.093465 0.423539 0.482996 
0.712797 0.252803 0.034399 
0.572389 0.333861 0.093749 
0.038304 0.178026 0.783669 
0.571246 0.412488 0.016266 
0.664674 0.204486 0.130840 
0.647069 0.190407 0.162524 
0.106589 0.833689 0.059722 
0.459372 0.477124 0.063504 
0.667900 0.104093 0.228007 
0.255601 0.697590 0.046809 
0.306596 0.492520 0.200884 
0.303325 0.305775 0.390899 
0.016978 0.838883 0.144139 
0.490065 0.374827 0.135108 
0.050210 0.800168 0.149622 
0.419450 0.317378 0.263172 
0.335719 0.462278 0.202003 
0.273169 0.557680 0.169151 
0.373675 0.191669 0.434656 
0.163066 0.346247 0.490687 
0.224784 0.702888 0.072328 
0.341215 0.563593 0.095193 
0.317077 0.543939 0.138984 
0.408817 0.190304 0.400880 
0.576211 0.347226 0.076563 
0.390434 0.422028 0.187538 
0.095343 0.283166 0.621492 
0.260814 0.586975 0.152211 
0.420347 0.519059 0.060594 
0.384314 0.528234 0.087453 
0.339613 0.366876 0.293511 
0.348838 0.603082 0.048080 
0.658514 0.216817 0.124669 
0.022518 0.556571 0.420911 
0.299015 0.198126 0.502859 
0.595287 0.373880 0.030833 
0.427341 0.160773 0.411886 
0.322503 0.631306 0.046191 
0.475216 0.401518 0.123266 
0.471798 0.133326 0.394876 
0.460912 0.167671 0.371416 
0.486306 0.253088 0.260606 
0.504054 0.327344 0.168601 
0.360731 0.423086 0.216183 
0.599407 0.369738 0.030856 
0.903602 0.059629 0.036769 
0.406036 0.570730 0.023234 
0.411171 0.240104 0.348725 
0.390944 0.576302 0.032754 
0.910376 0.038924 0.050699 
0.093760 0.733156 0.173084 
0.026524 0.736730 0.236747 
0.365643 0.461629 0.172728 
0.111239 0.679081 0.209680 
0.477622 0.472876 0.049501 
0.668603 0.048109 0.283289 
0.544227 0.331925 0.123848 
0.289808 0.570188 0.140005 
0.553052 0.267385 0.179563 
0.619124 0.194353 0.186523 
0.288861 0.396136 0.315003 
0.459760 0.174033 0.366207 
0.663070 0.302496 0.034434 
0.037141 0.340578 0.622281 
0.231191 0.254532 0.514278 
0.047130 0.523959 0.428911 
0.681787 0.291276 0.026937 
0.811537 0.175838 0.012625 
0.350061 0.150705 0.499234 
0.026950 0.651059 0.321992 
0.479749 0.488144 0.032107 
0.299906 0.593324 0.106771 
0.521191 0.446925 0.031884 
0.016673 0.406805 0.576522 
0.633682 0.344290 0.022029 
0.239424 0.760084 0.000491 
0.498400 0.025913 0.475688 
0.295363 0.602352 0.102285 
0.644290 0.238299 0.117411 
0.107507 0.879145 0.013348 
0.452469 0.436046 0.111484 
0.308090 0.665819 0.026091 
0.651001 0.056059 0.292940 
0.482783 0.506540 0.010677 
0.755814 0.229452 0.014734 
0.671145 0.076310 0.252545 
0.550091 0.353891 0.096018 
0.074368 0.422078 0.503554 
0.244175 0.242269 0.513555 
0.068666 0.789278 0.142056 
0.579140 0.319006 0.101854 
0.358312 0.625884 0.015804 
0.321754 0.486238 0.192009 
0.518980 0.002147 0.478873 
0.231747 0.298083 0.470170 
0.494920 0.264441 0.240638 
0.089467 0.554779 0.355754 
0.715839 0.087042 0.197119 
0.148427 0.818119 0.033454 
0.378181 0.610022 0.011797 
0.441289 0.353143 0.205568 
0.121145 0.177542 0.701313 
0.443658 0.474938 0.081404 
0.457814 0.171039 0.371147 
0.858827 0.043472 0.097701 
0.723414 0.098466 0.178120 
0.015028 0.361197 0.623775 
0.230262 0.202159 0.567578 
0.047369 0.233168 0.719463 
0.298259 0.619761 0.081979 
0.837204 0.030212 0.132584 
0.352204 0.563550 0.084246 
0.186810 0.377466 0.435724 
0.176136 0.765782 0.058082 
0.423729 0.574542 0.001729 
0.122128 0.791473 0.086399 
0.163257 0.731580 0.105163 
0.212829 0.576361 0.210810 
0.250928 0.613690 0.135382 
0.403510 0.097449 0.499041 
0.484724 0.381104 0.134172 
0.198067 0.723323 0.078610 
0.762414 0.203032 0.034554 
0.353134 0.399225 0.247641 
0.248506 0.414059 0.337435 
0.818494 0.115771 0.065735 
0.160702 0.752056 0.087242 
0.087577 0.819095 0.093328 
0.443862 0.411511 0.144626 
0.282780 0.503601 0.213619 
0.098140 0.594800 0.307060 
0.530460 0.405347 0.064193 
0.650643 0.267222 0.082135 
0.504371 0.398338 0.097291 
0.229380 0.640500 0.130120 
0.559385 0.151805 0.288811 
0.474460 0.479094 0.046446 
0.254155 0.268497 0.477348 
0.602580 0.396229 0.001190 
0.068167 0.912865 0.018969 
0.342192 0.318941 0.338867 
0.227843 0.735728 0.036429 
0.056673 0.559658 0.383669 
0.770417 0.014129 0.215454 
0.017828 0.769155 0.213017 
0.783037 0.087129 0.129834 
0.282505 0.646327 0.071167 
0.200409 0.292095 0.507496 
0.621501 0.307054 0.071445 
0.137755 0.817594 0.044651 
0.319235 0.421808 0.258957 
0.191985 0.159876 0.648139 
0.500640 0.304312 0.195048 
0.149981 0.569006 0.281013 
0.093833 0.401559 0.504608 
0.567494 0.177319 0.255187 
0.300622 0.206978 0.492401 
0.231233 0.689782 0.078986 
0.339058 0.377158 0.283784 
0.371134 0.355848 0.273017 
0.043094 0.796385 0.160521 
0.147107 0.751160 0.101733 
0.421501 0.185835 0.392664 
0.154378 0.451605 0.394017 
0.884727 0.099972 0.015301 
0.364812 0.517360 0.117828 
0.334685 0.640887 0.024428 
0.541526 0.300415 0.158060 
0.390255 0.288401 0.321344 
0.460750 0.471044 0.068206 
0.182722 0.378340 0.438938 
0.348346 0.417042 0.234612 
0.025096 0.065558 0.909346 
0.404684 0.437774 0.157542 
0.165410 0.559982 0.274607 
0.077420 0.844773 0.077807 
0.113452 0.192805 0.693743 
0.596794 0.314326 0.088880 
0.285324 0.364207 0.350469 
0.715708 0.273334 0.010958 
0.537336 0.008269 0.454394 
0.510742 0.056153 0.433105 
0.501103 0.247453 0.251444 
0.104801 0.684735 0.210465 
0.408274 0.354357 0.237369 
0.208198 0.522912 0.268889 
0.284898 0.413194 0.301908 
0.084715 0.495856 0.419428 
0.345701 0.551606 0.102693 
0.483182 0.463532 0.053286 
0.379465 0.441238 0.179297 
0.107716 0.852863 0.039421 
0.583855 0.291066 0.125078 
0.732542 0.013491 0.253966 
0.698053 0.263126 0.038821 
0.297280 0.665891 0.036829 
0.335577 0.440737 0.223686 
0.534505 0.157285 0.308211 
0.073412 0.485119 0.441469 
0.324424 0.614426 0.061150 
0.449577 0.493101 0.057322 
0.083988 0.435650 0.480362 
0.762900 0.232006 0.005095 
0.760911 0.116663 0.122426 
0.472851 0.375385 0.151764 
0.418456 0.268692 0.312853 
0.305124 0.299250 0.395626 
0.401802 0.484910 0.113288 
0.357692 0.257905 0.384403 
0.399535 0.560474 0.039991 
0.234917 0.525658 0.239425 
0.090006 0.855288 0.054706 
0.481507 0.160061 0.358432 
0.808765 0.043036 0.148200 
0.360114 0.600600 0.039286 
0.392283 0.231253 0.376463 
0.511591 0.316150 0.172259 
0.313224 0.171861 0.514915 
0.091088 0.469377 0.439536 
0.311031 0.454402 0.234567 
0.176072 0.802717 0.021210 
0.109538 0.730547 0.159915 
0.822253 0.114387 0.063360 
0.836631 0.145329 0.018040 
0.365472 0.447105 0.187423 
0.639391 0.168816 0.191792 
0.574517 0.377637 0.047845 
0.487711 0.444925 0.067365 
0.027089 0.743208 0.229703 
0.554040 0.419091 0.026869 
0.191852 0.040460 0.767688 
0.264443 0.623033 0.112524 
0.326136 0.201799 0.472066 
0.161063 0.527344 0.311593 
0.673464 0.280312 0.046224 
0.667121 0.046719 0.286160 
0.464895 0.290441 0.244664 
0.154026 0.830153 0.015821 
0.695697 0.099396 0.204907 
0.598578 0.351861 0.049561 
0.153286 0.604516 0.242199 
0.360151 0.340290 0.299559 
0.275748 0.230513 0.493739 
0.474718 0.087019 0.438263 
0.595063 0.264610 0.140327 
0.355213 0.534390 0.110397 
0.277709 0.309132 0.413159 
0.611804 0.227411 0.160785 
0.408164 0.464273 0.127563 
0.710459 0.244868 0.044673 
0.375469 0.323071 0.301460 
0.455595 0.379599 0.164806 
0.018504 0.361368 0.620128 
0.307571 0.658100 0.034329 
0.710195 0.264154 0.025651 
0.495192 0.221583 0.283225 
0.671612 0.323333 0.005055 
0.544066 0.119948 0.335985 
0.406658 0.477746 0.115596 
0.392597 0.416411 0.190992 
0.002770 0.670859 0.326371 
0.590679 0.200905 0.208415 
0.049439 0.771300 0.179260 
0.047663 0.452569 0.499768 
0.070674 0.222848 0.706478 
0.323119 0.337575 0.339306 
0.468234 0.517354 0.014412 
0.268671 0.567336 0.163994 
0.596195 0.149512 0.254293 
0.231731 0.566671 0.201598 
0.221951 0.589096 0.188953 
0.248574 0.606263 0.145163 
0.730879 0.009033 0.260088 
0.528168 0.208373 0.263459 
0.124531 0.821396 0.054073 
0.372247 0.522712 0.105040 
0.500204 0.422001 0.077796 
0.415845 0.530020 0.054135 
0.460118 0.280454 0.259428 
0.630853 0.310984 0.058164 
0.019316 0.814245 0.166439 
0.262467 0.523580 0.213954 
0.634784 0.256682 0.108534 
0.250259 0.185181 0.564560 
0.310893 0.635601 0.053506 
0.458777 0.455642 0.085581 
0.410678 0.273550 0.315772 
0.578495 0.180532 0.240973 
0.082219 0.717111 0.200670 
0.481777 0.460901 0.057322 
0.199602 0.225867 0.574531 
0.368411 0.519724 0.111865 
0.046226 0.814846 0.138928 
0.193612 0.528364 0.278023 
0.474267 0.028900 0.496833 
0.580733 0.056734 0.362533 
0.562076 0.411602 0.026322 
0.095745 0.356000 0.548255 
0.527983 0.417226 0.054791 
0.265353 0.685692 0.048955 
0.246769 0.434085 0.319146 
0.372300 0.457250 0.170449 
0.560935 0.276749 0.162316 
0.395350 0.455716 0.148934 
0.400520 0.393730 0.205750 
0.668972 0.301385 0.029644 
0.224142 0.770497 0.005361 
0.870345 0.006029 0.123627 
0.296264 0.515896 0.187839 
0.484086 0.444684 0.071230 
0.737422 0.246514 0.016064 
0.171573 0.417015 0.411412 
0.501076 0.456851 0.042073 
0.260227 0.347507 0.392266 
0.648660 0.299831 0.051509 
0.665487 0.286251 0.048262 
0.850983 0.030116 0.118901 
0.043206 0.933874 0.022920 
0.609462 0.121798 0.268740 
0.581385 0.108301 0.310314 
0.311680 0.673613 0.014707 
0.549577 0.304026 0.146396 
0.251280 0.442199 0.306521 
0.298215 0.619958 0.081827 
0.366378 0.474707 0.158915 
0.474800 0.416522 0.108678 
0.619464 0.209114 0.171422 
0.405334 0.442802 0.151864 
0.666455 0.268683 0.064862 
0.473236 0.035819 0.490945 
0.184361 0.155972 0.659667 
0.292291 0.538559 0.169150 
0.709750 0.174575 0.115675 
0.810405 0.146699 0.042896 
0.131719 0.676435 0.191846 
0.512599 0.371503 0.115898 
0.001992 0.885863 0.112145 
0.026368 0.891786 0.081846 
0.586000 0.247996 0.166004 
0.122998 0.804487 0.072514 
0.554665 0.436353 0.008982 
0.124316 0.308704 0.566980 
0.332283 0.358677 0.309040 
0.624639 0.339198 0.036163 
0.083044 0.198529 0.718427 
0.282276 0.295008 0.422716 
0.383267 0.394986 0.221747 
0.750551 0.207614 0.041835 
0.223221 0.413049 0.363729 
0.496693 0.162579 0.340728 
0.238878 0.328100 0.433022 
0.107180 0.514985 0.377835 
0.094563 0.641980 0.263457 
0.074285 0.406488 0.519227 
0.740252 0.152210 0.107539 
0.477307 0.310833 0.211860 
0.138891 0.833414 0.027695 
0.534992 0.330493 0.134515 
0.230965 0.602462 0.166573 
0.959114 0.006760 0.034126 
0.245060 0.398651 0.356289 
0.883234 0.034389 0.082376 
0.260956 0.698915 0.040129 
0.693706 0.242339 0.063955 
0.125283 0.684575 0.190142 
0.880106 0.068307 0.051586 
0.484412 0.458002 0.057586 
0.522794 0.464540 0.012665 
0.879594 0.066910 0.053497 
0.241013 0.686542 0.072445 
0.359894 0.217692 0.422414 
0.698841 0.238286 0.062873 
0.289068 0.306351 0.404581 
0.282590 0.423026 0.294385 
0.494454 0.263287 0.242259 
0.128429 0.754420 0.117152 
0.085075 0.870370 0.044555 
0.840761 0.125459 0.033781 
0.291278 0.156886 0.551836 
0.691917 0.243998 0.064085 
0.430545 0.122477 0.446978 
0.368275 0.471941 0.159784 
0.466399 0.385343 0.148258 
0.538198 0.449288 0.012514 
0.341186 0.640227 0.018587 
0.024001 0.518604 0.457394 
0.025489 0.768407 0.206104 
0.854237 0.068046 0.077718 
0.644909 0.347494 0.007597 
0.229226 0.113611 0.657164 
0.220525 0.328902 0.450573 
0.380169 0.521107 0.098724 
0.599320 0.031489 0.369190 
0.007587 0.316009 0.676404 
0.740118 0.219215 0.040667 
0.038770 0.475247 0.485983 
0.848295 0.048652 0.103053 
0.355599 0.287439 0.356963 
0.115904 0.482391 0.401705 
0.713797 0.049076 0.237127 
0.243015 0.740624 0.016361 
0.435838 0.314263 0.249899 
0.387807 0.249891 0.362302 
0.631198 0.355188 0.013614 
0.630285 0.123464 0.246251 
0.700231 0.080636 0.219133 
0.955765 0.034820 0.009415 
0.560815 0.284282 0.154903 
0.244821 0.193693 0.561485 
0.593132 0.012352 0.394515 
0.180299 0.428409 0.391292 
0.068109 0.501339 0.430552 
0.029547 0.366876 0.603576 
0.064068 0.818017 0.117915 
0.271801 0.302903 0.425296 
0.652715 0.233197 0.114088 
0.698424 0.235591 0.065985 
0.662552 0.331692 0.005756 
0.676494 0.236101 0.087405 
0.195684 0.788483 0.015833 
0.274765 0.409124 0.316111 
0.074414 0.687221 0.238366 
0.113265 0.861878 0.024857 
0.169073 0.429190 0.401737 
0.532330 0.417731 0.049939 
0.273885 0.352661 0.373454 
0.012548 0.784681 0.202772 
0.158308 0.763915 0.077776 
0.481556 0.052026 0.466417 
0.301792 0.684806 0.013403 
0.529105 0.275745 0.195150 
0.692645 0.222927 0.084428 
0.863355 0.125780 0.010865 
0.112317 0.525753 0.361930 
0.697242 0.121577 0.181181 
0.615712 0.214407 0.169881 
0.429391 0.419237 0.151371 
0.456507 0.185744 0.357748 
0.071269 0.515294 0.413437 
0.346344 0.416606 0.237050 
0.423947 0.535948 0.040105 
0.260639 0.564738 0.174624 
0.776462 0.012551 0.210987 
0.760940 0.219052 0.020008 
0.598803 0.358951 0.042246 
0.423968 0.162018 0.414013 
0.131492 0.421334 0.447174 
0.690253 0.294945 0.014801 
0.137380 0.647033 0.215588 
0.483317 0.324530 0.192153 
0.735924 0.069547 0.194529 
0.550926 0.379201 0.069873 
0.705693 0.283916 0.010391 
0.156910 0.719300 0.123790 
0.586481 0.052995 0.360524 
0.279182 0.476318 0.244500 
0.398203 0.561929 0.039869 
0.521567 0.458735 0.019698 
0.521480 0.400272 0.078248 
0.563658 0.378031 0.058311 
0.712503 0.218016 0.069480 
0.548282 0.315571 0.136147 
0.496989 0.246563 0.256448 
0.610682 0.067230 0.322088 
0.232821 0.726228 0.040952 
0.044917 0.830944 0.124139 
0.252302 0.619402 0.128295 
0.422882 0.417209 0.159909 
0.222767 0.683638 0.093596 
0.769535 0.210038 0.020427 
0.563625 0.348676 0.087699 
0.571283 0.387220 0.041497 
0.524840 0.416691 0.058469 
0.680316 0.253875 0.065810 
0.492833 0.046666 0.460501 
0.527958 0.448494 0.023548 
0.194568 0.195343 0.610088 
0.327896 0.578868 0.093236 
0.108201 0.589439 0.302359 
0.263939 0.332921 0.403139 
0.190941 0.757387 0.051672 
0.157975 0.423703 0.418322 
0.717108 0.079351 0.203541 
0.392252 0.143849 0.463899 
0.083904 0.717989 0.198107 
0.749032 0.208202 0.042766 
0.198210 0.268107 0.533683 
0.705617 0.123221 0.171163 
0.248089 0.643220 0.108691 
0.586400 0.126519 0.287080 
0.101133 0.860061 0.038806 
0.383466 0.405961 0.210573 
0.683209 0.301437 0.015354 
0.487475 0.404824 0.107701 
0.716249 0.143281 0.140470 
0.360277 0.516943 0.122780 
0.637970 0.279594 0.082436 
0.833662 0.010061 0.156277 
0.391054 0.443209 0.165737 
0.235711 0.503939 0.260350 
0.675669 0.023650 0.300681 
0.483990 0.313341 0.202668 
0.786256 0.143413 0.070331 
0.363515 0.506450 0.130035 
0.088953 0.790833 0.120214 
0.275841 0.452219 0.271940 
0.510731 0.139728 0.349541 
0.412150 0.383803 0.204047 
0.434738 0.029700 0.535562 
0.380680 0.488639 0.130681 
0.135795 0.335964 0.528241 
0.114854 0.384903 0.500243 
0.168418 0.433132 0.398450 
0.220456 0.616632 0.162912 
0.414345 0.558587 0.027068 
0.618103 0.174928 0.206969 
0.233214 0.308873 0.457913 
0.336999 0.571293 0.091708 
0.256548 0.427898 0.315554 
0.623296 0.358263 0.018441 
0.031742 0.881317 0.086940 
0.117284 0.832061 0.050655 
0.010985 0.953715 0.035300 
0.059841 0.322204 0.617954 
0.765095 0.170997 0.063908 
0.225647 0.263643 0.510709 
0.253043 0.741020 0.005937 
0.832415 0.061359 0.106226 
0.616725 0.297070 0.086205 
0.221957 0.419311 0.358733 
0.561701 0.417151 0.021148 
0.717027 0.243000 0.039972 
0.748483 0.063543 0.187974 
0.132785 0.775112 0.092103 
0.517109 0.223305 0.259586 
0.033360 0.394723 0.571917 
0.705093 0.179642 0.115266 
0.658361 0.122363 0.219276 
0.752328 0.245362 0.002310 
0.240987 0.713594 0.045419 
0.382964 0.303927 0.313109 
0.215409 0.539105 0.245486 
0.115729 0.315825 0.568446 
0.297765 0.322961 0.379274 
0.581714 0.149666 0.268620 
0.707266 0.206281 0.086453 
0.466732 0.315689 0.217579 
0.186952 0.660799 0.152250 
0.301743 0.449803 0.248455 
0.029279 0.697819 0.272901 
0.065820 0.743204 0.190976 
0.034745 0.610517 0.354738 
0.352119 0.585401 0.062480 
0.500182 0.361142 0.138676 
0.471028 0.421476 0.107496 
0.352720 0.495152 0.152128 
0.722806 0.166671 0.110523 
0.330293 0.548404 0.121303 
0.174887 0.803544 0.021569 
0.393373 0.410287 0.196340 
0.388825 0.438253 0.172922 
0.089005 0.788905 0.122089 
0.911286 0.014680 0.074034 
0.210543 0.753507 0.035950 
0.453891 0.026750 0.519359 
0.462282 0.528454 0.009263 
0.225342 0.504650 0.270008 
0.187772 0.758862 0.053366 
0.224607 0.536260 0.239134 
0.570394 0.423404 0.006202 
0.498987 0.369163 0.131850 
0.005746 0.885524 0.108730 
0.465218 0.532906 0.001877 
0.242517 0.753603 0.003880 
0.599471 0.360874 0.039655 
0.143567 0.192149 0.664284 
0.281330 0.440567 0.278102 
0.595211 0.375915 0.028874 
0.443778 0.475990 0.080232 
0.555902 0.114445 0.329653 
0.736952 0.098118 0.164929 
0.064484 0.234706 0.700810 
0.594478 0.396720 0.008802 
0.376151 0.470124 0.153725 
0.161975 0.416742 0.421282 
0.309243 0.446950 0.243807 
0.057306 0.654404 0.288290 
0.654449 0.344867 0.000685 
0.625271 0.048812 0.325917 
0.368510 0.376766 0.254724 
0.400565 0.300540 0.298895 
0.038430 0.816402 0.145168 
0.208439 0.603118 0.188443 
0.631244 0.285317 0.083438 
0.243055 0.219118 0.537827 
0.349064 0.120931 0.530005 
0.118266 0.616016 0.265718 
0.388786 0.558048 0.053166 
0.561159 0.030003 0.408839 
0.214074 0.392328 0.393598 
0.343443 0.238850 0.417707 
0.295858 0.633220 0.070923 
0.058619 0.714240 0.227141 
0.377128 0.390305 0.232566 
0.798137 0.170514 0.031349 
0.051739 0.328817 0.619444 
0.066560 0.574042 0.359399 
0.061939 0.521835 0.416227 
0.246819 0.645524 0.107657 
0.242842 0.520079 0.237078 
0.651213 0.157664 0.191124 
0.323359 0.526482 0.150159 
0.822427 0.112343 0.065230 
0.319172 0.531532 0.149296 
0.581729 0.076938 0.341333 
0.447709 0.431158 0.121134 
0.448015 0.265936 0.286049 
0.780928 0.139984 0.079088 
0.210695 0.211908 0.577397 
0.020651 0.388779 0.590570 
0.187948 0.317357 0.494695 
0.043741 0.768625 0.187634 
0.154012 0.551467 0.294522 
0.523314 0.427114 0.049572 
0.023575 0.771651 0.204774 
0.396456 0.542626 0.060918 
0.004624 0.268806 0.726570 
0.084801 0.603702 0.311497 
0.702783 0.148846 0.148371 
0.288990 0.170869 0.540140 
0.119716 0.796877 0.083407 
0.084126 0.865025 0.050849 
0.076847 0.291744 0.631408 
0.441450 0.326825 0.231725 
0.101845 0.629484 0.268671 
0.565056 0.341137 0.093806 
0.147125 0.611150 0.241725 
0.668523 0.041165 0.290312 
0.117635 0.573383 0.308982 
0.296961 0.633284 0.069755 
0.651002 0.175808 0.173191 
0.108432 0.572295 0.319273 
0.755411 0.037397 0.207192 
0.936949 0.011016 0.052035 
0.010120 0.603526 0.386354 
0.087775 0.831631 0.080594 
0.161782 0.602278 0.235941 
0.141169 0.274895 0.583936 
0.227463 0.700794 0.071742 
0.373293 0.476631 0.150076 
0.663918 0.302481 0.033601 
0.572242 0.407117 0.020641 
0.348391 0.288781 0.362828 
0.789286 0.120701 0.090013 
0.744166 0.215303 0.040531 
0.086407 0.450159 0.463434 
0.236306 0.564940 0.198754 
0.365430 0.418391 0.216179 
0.460802 0.533268 0.005930 
0.723066 0.254306 0.022629 
0.063085 0.528879 0.408036 
0.434355 0.526736 0.038910 
0.259563 0.377111 0.363326 
0.339156 0.328336 0.332508 
0.254246 0.606558 0.139196 
0.334626 0.387676 0.277698 
0.521089 0.322865 0.156046 
0.223289 0.599966 0.176745 
0.326296 0.296378 0.377326 
0.312606 0.572240 0.115154 
0.475501 0.286065 0.238434 
0.570433 0.069535 0.360032 
0.188265 0.172176 0.639559 
0.380698 0.469764 0.149538 
0.676825 0.226060 0.097114 
0.484553 0.242182 0.273265 
0.159696 0.538990 0.301314 
0.451107 0.229070 0.319823 
0.203658 0.611302 0.185040 
0.001307 0.080731 0.917962 
0.230461 0.759351 0.010188 
0.858554 0.106772 0.034674 
0.670390 0.309007 0.020603 
0.083196 0.228183 0.688620 
0.470944 0.508521 0.020534 
0.552879 0.341682 0.105439 
0.573354 0.297139 0.129507 
0.656630 0.238375 0.104994 
0.695079 0.084628 0.220293 
0.397311 0.007198 0.595491 
0.670064 0.170908 0.159028 
0.544838 0.224342 0.230819 
0.020490 0.856016 0.123494 
0.032513 0.869095 0.098392 
0.291787 0.335717 0.372496 
0.578294 0.340243 0.081463 
0.335420 0.492078 0.172501 
0.373394 0.595684 0.030921 
0.372098 0.258600 0.369301 
0.518308 0.334123 0.147569 
0.017927 0.775965 0.206108 
0.193729 0.243264 0.563007 
0.635865 0.323529 0.040607 
0.695741 0.218062 0.086197 
0.721101 0.259029 0.019870 
0.239291 0.529365 0.231344 
0.801828 0.073944 0.124228 
0.654393 0.021097 0.324510 
0.314535 0.623250 0.062215 
0.154176 0.600261 0.245563 
0.695782 0.229914 0.074305 
0.012912 0.686850 0.300239 
0.605687 0.371336 0.022977 
0.293209 0.631753 0.075038 
0.000259 0.741368 0.258373 
0.337061 0.354199 0.308740 
0.150211 0.709597 0.140192 
0.609419 0.035858 0.354723 
0.110949 0.257189 0.631861 
0.271140 0.147942 0.580918 
0.184126 0.481331 0.334543 
0.543066 0.082305 0.374629 
